10000
9
6571 26 23076 57 2337 5 19244 22 16443 99 14389 59 21672 97 18701 85 13904 40 17269 77 
25748 46 2689 75 2263 74 11586 35 6717 21 18594 9 28338 51 16526 65 23855 73 5211 67 
21816 80 21090 37 4010 97 28398 79 15539 99 601 26 21282 2 12913 32 25825 89 19232 43 
7359 54 19021 92 18803 72 25341 54 6622 10 15294 27 28305 90 27717 5 25743 53 32342 57 
32084 53 30180 4 2070 47 9338 43 12362 9 19417 34 21866 99 21475 15 4086 26 6071 19 
1977 40 3614 92 32589 47 20774 8 14561 84 18700 38 6202 95 32351 95 9720 52 22371 76 
22555 28 17588 55 17349 6 8491 25 7233 95 18693 33 9029 20 11330 78 28276 50 24652 30 
9767 74 29913 99 8557 2 4114 87 849 27 5621 62 15707 21 24312 62 7001 92 16879 31 
15454 13 29999 40 7436 100 2804 94 5903 83 3328 66 31210 38 31621 8 8438 28 13125 14 
10919 7 32504 18 13586 44 22510 53 17324 42 6645 92 12885 62 11901 91 22933 5 29434 3 
18469 41 24202 12 13745 62 10968 56 4828 83 1088 83 23173 60 1332 55 2120 37 222 61 
22600 70 24838 65 13356 4 6967 47 29032 52 285 63 17598 74 28722 13 3844 25 9370 24 
26407 86 13130 4 1392 90 28528 74 29702 87 16143 1 10421 89 8938 58 27629 21 30116 75 
12558 59 9765 83 17378 45 28992 81 28523 7 24210 19 480 8 1197 33 20978 97 22646 67 
10579 32 3019 55 14457 48 16233 74 30624 7 3085 48 6414 76 9946 1 28826 30 9467 71 
29807 88 8841 38 15118 71 20655 32 6802 81 12044 13 19768 60 29784 15 16158 58 27211 69 
26955 73 16570 81 24048 54 7172 45 27117 25 25260 80 28567 81 3655 69 24249 42 921 66 
28121 74 13819 52 30908 69 6655 82 10284 62 11095 29 18168 79 2547 31 26685 72 29290 67 
17124 39 5531 43 26220 28 5012 87 11497 37 7603 81 3661 41 1034 49 14567 12 12808 96 
4905 38 24150 59 2734 1 29184 26 21628 80 27349 38 646 30 15632 5 4725 38 30776 96 
22951 60 13124 57 29304 44 1027 56 3777 21 1467 4 21407 29 13073 22 8822 95 5928 1 
29493 89 6669 94 9179 39 27731 82 24890 19 22010 21 3322 23 27798 54 17634 80 29868 84 
28499 80 29280 59 28949 7 11597 8 28759 37 11189 69 18672 11 26842 56 5611 90 19115 1 
29763 16 6819 46 25323 58 1519 67 25617 10 26831 70 17316 18 26942 92 10004 48 9429 25 
19033 47 30189 81 3638 90 5124 72 15295 88 4962 58 8473 63 2043 10 27521 13 20376 68 
25231 60 18226 70 26812 49 28574 36 25891 24 17776 46 31364 97 20505 94 12174 70 11346 45 
27742 87 5566 95 28995 70 13258 46 10948 16 11737 70 1764 24 19102 34 12196 3 7880 71 
20170 39 3813 63 16097 76 10368 75 19841 59 5773 72 29392 57 13576 57 8777 71 2008 73 
6332 48 6393 93 19350 92 474 37 23907 54 9220 12 15249 29 21757 91 18807 50 364 97 
15510 65 2941 68 3614 84 26759 67 9652 72 16877 72 8562 31 7490 28 24367 90 20400 41 
11009 100 16538 15 14081 66 16256 39 16462 40 28963 39 1365 28 6122 14 29007 70 15237 51 
8458 40 29648 47 9453 79 23290 44 9271 5 27366 3 17799 48 18897 81 161 50 18998 38 
15727 11 8686 90 25670 52 7324 5 17259 30 19784 77 28118 43 842 21 30517 46 1642 48 
12596 93 24133 34 19964 89 10483 82 3065 50 17638 45 20193 13 21013 46 18930 78 20058 2 
8059 63 20761 90 6557 48 10787 14 24659 10 26586 89 20656 41 2197 3 22888 97 23366 29 
146 64 21338 71 30380 12 21472 6 23264 40 13806 85 5253 87 3648 5 26089 21 30243 68 
7246 57 23441 90 306 35 7326 69 28884 63 29203 79 14835 90 27992 53 10969 54 3479 83 
28568 8 12318 93 9620 97 24581 48 18497 93 18705 80 23342 29 20953 48 30019 62 8487 85 
4423 55 4769 24 18340 94 24233 87 21871 37 31105 92 5283 16 28083 86 18861 5 13744 12 
27182 96 22711 41 16636 77 20216 67 4970 6 28922 90 11209 97 30266 31 27950 70 18197 56 
21622 4 9703 90 2696 34 29557 22 27610 7 4744 7 10551 91 11995 97 26047 72 27447 22 
30255 47 15069 17 9570 89 27172 76 8728 16 6755 100 31223 51 13585 76 17871 56 6699 74 
27426 47 3542 77 5860 72 10566 84 21887 68 21214 34 27674 38 409 22 22299 51 20392 76 
4586 58 8285 89 3064 22 23879 55 28417 52 3743 45 6798 17 21218 42 30909 100 31168 31 
4164 96 17973 94 30644 57 7158 84 3579 51 7182 55 7213 23 29897 76 17540 73 26833 7 
25253 85 20887 25 16676 94 8436 61 18507 35 9745 90 2583 8 6532 3 20356 53 13499 40 
2826 38 22686 76 21608 70 1904 44 20896 80 13814 51 12611 15 14300 98 6638 68 19284 2 
13077 70 2048 36 11007 68 13586 100 24082 3 19122 17 849 10 8864 76 547 57 7194 63 
21846 67 14080 16 8035 6 27190 69 21492 44 14666 42 6819 59 19798 37 20229 92 5416 66 
16871 85 12449 68 8151 48 11099 34 8423 75 19086 61 26029 38 29237 33 9614 18 25964 70 
4669 79 26141 61 5246 95 30683 15 17968 44 18958 57 19850 44 3409 100 32165 17 14360 71 
24634 12 32406 59 3246 49 478 15 28747 79 31304 88 27601 11 24854 14 27181 99 23895 51 
21640 69 30732 100 1923 89 23434 82 11713 27 8735 78 9127 56 30712 65 18527 4 5186 73 
24611 45 19856 100 27576 26 19837 2 6456 26 10130 20 12821 93 22378 99 10843 27 27155 2 
13621 8 22200 56 691 95 19069 78 2762 88 27563 68 2461 76 22541 41 4346 26 25242 92 
21288 59 21587 80 2784 29 13423 31 9369 33 23478 7 3337 34 22315 13 18664 82 24045 90 
14839 35 24159 59 13633 60 26247 72 20128 29 27572 29 32132 20 13668 51 32496 70 28516 12 
6341 45 10041 37 8771 99 14527 64 30157 67 28176 19 12268 30 22183 55 24471 53 6598 76 
2994 70 18452 100 12756 28 28811 46 8781 90 31889 1 23912 70 5989 85 21997 46 9405 98 
15594 35 2734 67 15027 74 21195 32 14632 12 26257 94 9014 96 27395 30 15777 63 32657 65 
32000 79 25662 31 32009 44 19202 7 32014 63 22637 10 1480 35 6030 62 7252 45 25875 9 
9851 55 5553 90 25654 73 23495 87 8817 8 12350 63 2832 43 17075 6 13872 71 13528 43 
24751 89 9495 5 27630 49 19577 29 2773 77 13255 11 16408 67 17391 19 4537 48 13736 42 
5583 13 9305 93 15493 72 18487 73 31589 51 7086 27 15831 46 28675 26 16100 27 13623 7 
12352 49 31022 41 21128 1 25105 93 25288 17 10224 11 320 25 20908 58 30056 37 14612 84 
29489 52 6734 54 17806 73 12921 26 563 43 12688 2 10908 21 913 4 24146 40 13535 50 
618 92 30181 84 590 21 509 55 3520 21 28048 4 30747 42 8062 34 7388 22 31168 97 
28002 15 30028 35 3058 72 13624 15 6142 99 21795 83 4007 33 30417 54 27264 15 21269 39 
20885 30 20980 33 6316 53 28167 75 23754 93 26401 70 27641 17 2098 92 23113 28 1131 31 
26645 28 12195 43 7559 16 5626 60 16222 48 14012 55 239 47 26248 78 5994 81 7345 43 
4703 7 12260 53 7553 95 17931 77 4009 32 31602 80 27422 74 1320 72 13075 2 21161 76 
14961 64 29369 71 20439 72 16275 92 27359 90 5699 19 16036 26 7505 60 21889 56 24223 89 
6683 8 14484 65 29089 48 27258 2 19282 29 16421 54 18752 40 8406 78 26196 53 1375 63 
15763 45 6535 86 22175 67 3247 44 7041 8 21942 81 23461 96 28187 98 38 64 18529 90 
21837 54 1464 87 3412 82 11993 61 24687 22 29746 22 28173 36 14659 41 17242 63 28488 36 
11017 59 792 1 10834 52 25165 29 20278 33 23461 48 13322 50 24232 7 23603 95 24203 59 
20015 60 23637 41 3797 93 23616 47 25053 24 19042 70 29602 13 4748 80 20519 81 28531 83 
19288 63 13581 15 16019 3 6718 85 16231 52 17844 37 13212 61 8720 33 26227 74 15686 18 
814 16 14150 22 6355 10 988 14 2862 1 980 27 5397 62 14691 20 16368 19 7106 2 
29816 92 19996 50 2238 70 15786 82 28527 73 27421 94 27735 13 25404 77 29221 86 10958 53 
3438 17 8634 67 244 75 8557 78 30503 48 23164 13 27884 82 13706 11 14750 15 15213 83 
22610 77 18572 40 22112 77 3979 27 2847 45 12075 70 31983 46 24427 15 6013 4 31220 2 
5954 60 25011 11 20045 28 3528 87 9795 73 15263 37 932 9 3164 12 28239 50 4477 35 
9033 19 3258 100 29626 22 26416 60 5432 90 9151 91 18248 69 20657 99 29218 61 15516 76 
8885 66 29321 51 2027 27 16725 85 21806 90 21080 42 11819 13 4933 60 32726 63 30545 66 
27310 37 21400 2 8770 77 23228 86 26100 49 31695 23 30461 4 10355 6 12209 82 17983 64 
8196 72 20325 91 21326 89 26258 1 9035 63 25110 64 15462 50 4677 83 14135 31 18205 56 
27466 23 22825 74 24354 41 14756 93 31101 30 19938 76 22490 16 6636 39 28217 49 32363 89 
21538 8 3527 99 25320 95 15503 73 2351 95 28956 32 30636 17 13937 93 2860 51 5734 9 
6104 19 24326 70 31159 30 22325 45 3700 87 9878 20 31842 56 29867 22 27325 78 830 1 
3891 81 18432 79 13474 94 18801 3 7972 53 17151 22 29001 69 21618 21 30371 98 16519 10 
30600 69 32475 47 31251 89 9483 90 5228 61 27418 86 13385 85 20243 68 32693 83 7151 49 
13073 51 22456 79 8280 64 23791 62 13223 92 9004 78 8444 89 31492 42 7997 34 16687 66 
21629 46 19690 41 22396 83 7579 12 27244 10 2996 71 21243 96 217 97 29581 84 31557 81 
2505 28 24682 64 13912 9 25303 40 12777 67 32607 91 21369 32 21880 29 19409 3 24289 30 
14928 72 19080 28 32490 58 32426 67 28017 77 1596 57 17939 10 28042 56 5925 88 21022 30 
27679 80 10723 77 28135 14 1418 47 22610 85 21037 83 26856 93 24114 72 10983 52 9587 58 
17547 92 10395 63 10637 18 21459 55 22249 18 14495 91 31717 81 7938 43 13391 90 12777 6 
14342 90 19143 38 9148 66 8316 80 16121 10 23931 9 25443 71 24876 90 26942 53 12431 97 
15663 58 23075 64 837 94 20742 17 27449 87 861 83 6645 52 12278 73 19540 81 16172 84 
5929 81 8971 1 26754 96 693 91 11822 61 13572 94 17788 98 20081 9 6214 23 17973 1 
2862 1 30382 6 8488 64 32003 65 30777 27 15371 75 894 59 1643 22 9839 73 13311 9 
5477 39 9852 32 8026 93 339 77 17648 24 6360 68 16565 56 23715 62 25766 31 16694 72 
28914 29 27873 34 18432 93 11235 67 9138 16 28626 9 12268 100 24125 70 11856 99 12943 12 
1868 34 30518 37 27735 80 23045 64 28535 3 8151 26 13319 6 31606 32 7351 11 19387 40 
6868 95 1270 83 714 70 18831 10 2535 69 30190 83 20833 71 9113 94 8859 61 26524 47 
16548 18 20526 30 29440 9 26001 66 11692 22 12858 50 31324 20 5682 42 1799 95 27068 24 
32165 89 13112 78 2360 4 29767 39 11273 92 21040 36 19252 27 7555 29 4966 60 31996 88 
6886 84 16297 49 25810 30 6735 26 10668 66 21515 30 2325 44 9781 80 2263 18 21385 41 
1321 27 14985 50 30255 29 26397 7 11969 42 26493 41 30829 74 26704 92 12479 96 23574 65 
19391 91 12739 81 24508 50 24236 62 7752 11 16295 12 24196 19 5486 94 7326 42 8261 91 
4759 39 7901 26 20042 17 13431 48 26794 56 31308 8 16971 25 16429 8 26916 60 16487 52 
2963 65 19177 39 7329 25 11177 100 3464 29 20547 81 16498 67 28899 2 6276 84 16486 89 
19227 13 26556 2 22101 78 20625 80 16596 20 812 69 1726 10 7063 47 22536 95 6656 91 
3061 38 4703 50 28121 5 32601 49 18211 30 15460 58 19098 3 27437 45 17639 69 18487 44 
13908 44 12996 93 14803 28 27640 3 23874 47 20796 12 20205 97 5601 46 1109 4 16389 77 
15920 61 27835 79 3504 58 8038 61 16136 2 8294 82 19757 46 12023 57 17113 78 2645 48 
11478 99 5669 98 377 86 7696 92 8557 73 31921 12 21937 28 10673 45 28388 78 29488 35 
27073 97 26215 86 15590 4 11148 21 13273 40 22774 29 31564 33 386 78 17056 65 565 49 
5801 25 21283 10 22961 67 24463 24 31935 31 10579 71 24089 22 15235 89 28935 97 12365 32 
4826 38 20003 3 12589 63 29 3 9579 10 11672 20 27025 4 13604 80 2613 30 3741 27 
31176 14 22679 64 10520 30 21759 67 2328 100 6400 99 23012 16 29732 98 27392 39 21180 14 
12512 81 8065 50 21422 86 26747 94 6983 49 19234 35 23687 21 27588 2 19398 83 31782 63 
22690 23 5486 17 30463 98 26944 85 31053 72 3624 10 24586 83 27448 55 17031 80 1778 75 
13550 72 15720 72 20356 17 8609 31 15148 34 3647 2 26413 41 10591 75 19508 24 24513 40 
24733 74 6953 48 8686 74 14340 62 22436 92 32335 7 29491 67 8629 36 12616 63 3319 85 
24657 11 31889 11 28735 26 11419 85 12170 50 7661 17 22902 89 13958 8 22934 59 16687 67 
26766 96 4187 64 26140 78 18514 98 5210 85 5262 20 6205 95 19557 59 25442 18 19177 82 
27402 80 32269 69 20579 93 28937 61 24073 27 22015 12 32460 62 21214 43 4532 1 5511 4 
16194 77 29486 57 13305 48 5891 22 25629 89 1042 26 15547 2 28264 35 26089 30 12152 100 
31311 80 22973 42 22502 32 12192 67 28160 48 411 7 11401 61 14239 31 30860 16 2483 19 
18936 75 11231 34 22181 85 29000 17 28306 4 10908 80 28017 4 17328 12 25957 4 25704 46 
26378 80 6360 66 2742 31 17576 11 7934 90 26045 38 8316 80 27157 14 24272 79 7411 63 
29413 59 28477 42 27254 66 7970 83 19664 84 767 52 23769 39 31620 82 15441 74 20755 49 
21592 13 104 80 10032 5 14975 29 28485 85 7090 62 12138 32 24099 85 6246 17 2905 58 
26543 39 28974 10 9077 51 24040 30 22498 46 26534 24 14753 11 17150 49 20893 16 27876 36 
5643 88 11213 74 5290 93 11285 2 4681 91 15262 11 17291 1 26811 72 743 86 2124 91 
10226 67 26410 5 25569 91 10949 60 18249 46 9483 15 21802 50 8076 34 18220 47 25052 73 
26408 67 30521 26 8682 70 30574 45 14134 6 22263 56 11016 56 614 19 23584 41 18694 98 
25534 64 23229 68 8875 53 23863 55 8056 63 23616 37 6666 77 6514 28 30807 78 32529 62 
28778 45 14899 54 5037 67 16420 51 8039 65 17160 90 13956 96 22978 90 26773 28 24341 16 
10775 75 19465 23 8696 33 4497 81 28759 53 13674 46 21132 93 13894 21 18536 83 31530 73 
7869 87 21013 5 801 8 16866 99 1264 19 13167 78 10128 85 13823 18 27129 63 25309 56 
26484 27 9283 42 30114 85 25465 36 25537 89 25153 20 16171 39 17267 87 16671 94 1765 4 
18884 85 31885 36 3179 24 29418 31 20757 11 9375 66 28469 60 10594 89 26039 41 28180 52 
13376 63 30769 44 22968 9 30827 15 7174 16 28818 68 32026 40 28855 99 305 91 12177 97 
10836 5 544 63 19746 12 30351 80 8912 93 5727 24 15470 22 5058 94 15212 97 26181 50 
29532 1 6834 52 22777 39 23093 11 25193 16 27837 9 15551 85 15013 41 31428 11 4500 3 
8439 61 12450 89 13010 14 24508 6 9551 19 5705 51 23211 73 29965 99 2922 26 5966 91 
16539 62 32566 14 17245 44 8569 3 9634 82 21560 29 18483 41 9508 86 501 16 23270 75 
19562 75 9663 59 6522 23 17259 50 13940 89 6732 67 24656 57 4036 54 27959 52 7651 55 
12101 47 27714 63 29837 81 28718 28 18525 6 22537 86 22980 78 17902 53 11090 77 7572 64 
28703 100 26997 41 14862 97 6959 90 23891 66 11050 14 11571 64 23419 92 30219 13 8712 70 
22676 62 32237 15 27237 58 15391 50 16314 22 28495 30 17011 84 7954 86 31328 74 29246 44 
10939 59 22679 67 26870 87 30635 65 4280 49 24314 10 14626 58 18266 24 3926 61 24986 45 
14906 14 30822 88 11129 7 26986 89 459 12 14779 28 24695 81 18802 46 24598 38 27290 85 
31897 50 24396 81 9357 72 792 76 19870 13 9127 3 12890 74 19615 73 7480 22 2759 68 
25817 3 27244 77 32141 70 13571 57 17433 3 12815 17 26040 26 28485 61 2399 74 21486 81 
7749 60 910 68 29603 52 21443 10 32184 34 22895 23 27665 71 20761 84 29959 9 26257 74 
31369 68 8147 13 27676 70 28462 2 2591 6 12454 12 28244 61 5782 19 32156 1 18842 78 
9986 57 16299 23 5115 4 3724 65 11756 65 15718 17 7405 84 22959 84 9165 91 21327 59 
32086 7 25606 64 7890 87 1544 81 974 73 15851 18 26397 25 15299 48 3360 91 6028 95 
837 88 11464 79 30926 35 22888 94 5332 11 9200 1 28043 45 3287 22 1223 100 3884 13 
28095 17 5248 25 17 52 24575 17 15367 50 13536 70 17433 77 15360 28 4019 1 27849 4 
15160 72 32089 64 6470 24 7648 97 26940 3 842 56 22265 79 1311 20 10215 4 21159 55 
14649 3 849 47 13168 44 1621 35 5924 66 13721 30 1793 29 4050 95 29456 80 24043 90 
2359 52 18346 17 3844 77 7057 47 2214 91 19970 29 20796 64 29607 38 2131 53 15121 16 
30889 10 10655 43 23607 49 8098 82 8559 81 26558 24 5571 83 21908 85 6502 21 14237 73 
16470 11 8281 80 1178 55 19114 46 28104 80 7546 61 20939 77 4772 8 4835 90 1298 86 
32493 91 10787 48 13285 84 14927 48 11689 25 3341 91 24832 75 11252 23 2010 54 8481 32 
730 89 1242 95 29713 47 3696 77 30477 51 11370 43 6674 78 26591 2 31911 55 5924 41 
14164 100 9128 16 28843 7 26395 79 17285 79 25558 79 23182 20 23671 93 25860 96 3787 29 
18619 84 5618 60 13669 38 14269 81 32016 80 8539 4 22000 53 22325 89 26975 51 23574 80 
21538 77 21391 64 31726 1 9114 61 24106 68 22909 64 15351 89 22001 54 18286 36 1156 74 
13864 28 8764 51 23812 98 22397 5 14628 31 10540 93 2617 92 1301 19 25089 4 28042 83 
19726 72 2125 11 30920 14 5297 48 31413 66 3323 56 7416 45 30478 67 21528 38 10312 21 
16899 87 167 30 27219 72 24880 99 31695 86 24977 88 21301 46 2309 18 6967 91 3704 75 
11715 57 25580 64 6791 96 4379 19 30389 17 8541 80 23043 75 10445 9 11511 24 9383 52 
11361 53 15093 72 17961 32 7531 92 13130 68 5007 39 29471 70 28701 89 3038 94 30121 73 
13410 39 28294 19 19245 99 31719 19 16045 63 24644 47 19134 59 18687 74 12145 100 23368 30 
17675 5 2110 51 4433 95 27734 48 16899 69 15873 5 12455 8 3977 66 21383 80 26684 31 
16381 26 30925 48 8686 6 28407 43 19605 24 11363 55 18562 83 25804 32 738 26 26465 49 
512 31 5995 32 17164 96 22575 100 9500 20 28694 15 1392 90 9995 6 28922 16 9253 30 
3869 70 20102 12 10678 92 13699 73 30297 86 17413 19 1245 6 17198 82 30490 71 28736 66 
26097 4 10683 83 6029 27 30662 30 27369 55 29648 100 7314 44 21367 5 18607 45 6825 11 
20030 62 14601 82 30624 72 5780 82 3160 70 21380 27 12304 33 16244 92 13020 77 19398 88 
14019 73 32066 52 20092 45 8447 93 31093 31 18567 85 8474 80 20790 83 31571 20 31459 40 
30286 91 20931 40 4480 89 28553 70 18406 45 22482 3 28561 69 29633 63 12897 73 28902 93 
1041 93 1893 44 14707 59 27476 58 9469 22 28004 2 23685 35 3780 48 3145 38 3138 52 
31538 33 9396 55 9306 27 7830 17 2507 60 20724 48 9354 18 13195 11 5588 51 14891 35 
32167 1 32607 22 6788 35 592 24 5748 26 31719 15 9545 10 3890 85 22566 7 22793 69 
19009 6 8945 54 2792 12 15680 83 26818 8 17538 60 600 63 22044 60 16339 53 30767 96 
6663 51 14527 74 21169 13 18453 21 509 25 4705 20 7500 39 7332 37 23347 30 10445 96 
6343 82 25890 12 9240 27 10978 17 4091 87 4137 79 29965 24 20755 54 17396 72 21540 82 
3304 73 19944 5 24691 91 18390 75 11636 7 3706 29 16490 21 19156 89 18415 65 19195 36 
643 31 15877 49 31115 5 26411 54 28057 89 3113 81 22510 31 8932 73 9534 54 591 72 
3507 97 6799 99 11828 9 30814 11 18150 94 6061 66 17139 47 18829 8 28043 6 12623 79 
30761 63 7402 49 13848 23 15518 7 12597 56 32215 57 31734 67 3412 33 25771 27 17544 60 
28164 80 1601 99 12500 62 20103 41 2836 51 31175 41 16427 22 1841 47 28269 93 23134 4 
32225 57 16438 14 27719 33 15121 64 6745 53 23068 37 32338 8 8191 62 24493 100 15548 67 
47 80 7898 59 22055 29 8132 23 15349 97 20332 63 14537 50 9011 86 18093 27 3085 63 
14790 68 14304 41 11478 42 558 28 5894 21 22516 88 28387 53 4818 29 32422 82 3947 84 
19896 76 783 25 17269 89 21656 5 26417 97 31889 47 24952 17 12446 85 8858 31 24087 76 
21095 13 14327 32 27960 6 23541 53 12847 72 21232 58 18111 84 28816 74 13166 68 22059 65 
7641 7 7397 71 25593 42 27420 48 31910 37 30979 59 16729 100 18572 52 1334 27 5260 68 
7498 27 15130 3 15889 95 10039 65 21051 5 32181 75 11951 70 4433 28 18385 53 25123 28 
19456 74 11320 69 18275 70 18813 24 13542 56 27358 29 8319 39 27824 60 16054 91 19020 95 
7524 90 29949 78 20923 12 4637 90 18310 56 25722 81 5554 100 25855 5 31758 43 20112 83 
28239 10 8501 22 20567 33 24699 100 18359 78 4375 35 18034 41 14797 100 13060 78 27536 32 
20898 29 5355 24 21188 29 9375 11 10977 39 16270 18 6009 23 3543 11 30041 63 25411 48 
19483 38 18144 62 13036 12 7659 61 29330 29 32243 7 2221 75 27196 93 28732 83 98 100 
21348 74 22590 44 2669 80 6925 69 3086 86 5583 55 13034 41 19182 96 31834 54 18208 6 
9325 71 15758 2 17197 34 12086 83 20260 72 8590 28 10527 36 10346 34 5426 82 18207 40 
17660 90 27881 27 22316 34 4234 96 28740 83 12084 35 20638 62 12969 86 2988 41 673 15 
17539 87 17772 26 5019 38 5080 51 31184 7 9301 75 1197 96 12631 64 2026 49 7932 94 
4147 47 9199 39 29484 8 31116 99 8369 2 22341 64 6498 100 15684 63 11871 62 21073 48 
28240 89 22775 67 25513 22 32738 19 2092 66 4492 31 4527 30 18201 67 31775 31 17023 16 
29893 16 29673 31 2760 31 28254 83 18675 58 28573 37 7353 7 8012 51 11894 54 18770 72 
3832 49 6018 23 24126 76 3705 58 20351 2 20937 61 11887 87 29527 39 18877 52 20993 37 
26336 36 19332 49 8979 89 17821 68 26014 6 21103 94 18264 74 29733 57 4970 1 17368 77 
17749 40 32691 95 10295 11 17493 73 31562 83 30070 85 16301 78 6606 12 4967 78 11826 97 
15785 64 13313 10 20563 37 32446 30 698 13 1278 75 10664 15 14469 54 28837 25 10668 5 
14453 24 31238 92 16098 59 25154 75 29628 36 20307 95 7965 7 23247 39 15601 14 8853 9 
12726 24 17331 65 15489 10 31879 77 19010 55 14884 62 3656 95 5366 66 1032 22 170 46 
15898 70 13128 58 9860 18 1954 90 5179 29 24306 7 23015 78 17855 83 12775 93 24576 49 
11157 34 24708 65 32203 92 3985 86 25254 45 9420 53 24713 40 30808 57 9317 7 20290 27 
20792 90 18205 8 26836 16 9449 20 12770 44 2874 93 16166 91 23446 61 31749 68 18206 41 
25156 35 21104 18 15634 18 20685 32 7497 89 6775 41 25329 90 605 35 6 44 20218 93 
22650 63 14971 42 25470 52 15904 15 29182 17 11492 26 15978 64 24928 20 10684 92 749 73 
18871 40 9737 44 11372 95 19452 88 29955 4 1467 9 13752 31 15884 32 11044 78 28395 54 
15550 89 17964 10 26273 40 32099 93 28816 3 26881 33 5687 36 703 10 1203 99 29504 40 
20821 66 24305 33 19875 74 31285 42 23712 98 10431 95 11598 42 11326 68 32368 67 9792 98 
20372 1 29008 83 9041 85 5474 96 14030 100 23410 71 21123 68 17511 84 6212 5 26429 25 
29307 99 31331 10 2229 58 3170 22 23904 81 12224 86 30930 91 7716 25 17806 63 5818 25 
451 20 31705 68 27158 80 29668 11 417 52 4462 40 6972 40 18081 98 2043 27 10208 57 
3832 86 16811 29 4690 90 1475 75 1397 43 5007 2 6300 93 24511 28 15765 72 32559 82 
27076 56 6414 24 14699 11 17471 11 22569 27 21503 7 21184 51 22473 61 13851 32 21110 86 
8079 63 27817 66 8801 69 9834 83 9864 11 19473 24 9397 43 12902 48 25489 67 32262 31 
6725 81 31241 80 7232 74 16865 36 29236 35 17029 22 1122 60 22224 3 14872 15 803 44 
12920 97 5202 53 31354 87 9662 97 25653 60 21182 23 25434 64 5956 51 4865 56 9149 34 
18600 61 10296 50 22648 7 23243 61 28363 11 15666 59 8940 62 26042 46 10013 10 20318 58 
14815 46 29999 86 15469 98 15609 45 4746 30 29987 24 12156 60 27095 47 29785 38 21859 49 
17281 20 12255 21 28012 70 8720 35 23206 18 8077 96 5911 41 27680 66 8840 22 4207 53 
10851 58 476 1 4282 58 425 28 25739 86 30560 59 12099 56 19058 94 15232 53 32542 75 
14619 98 6804 47 25190 97 4699 39 1714 56 19184 44 7701 6 27056 18 19050 5 32247 86 
27032 56 17802 46 7448 82 4146 49 27313 7 1706 79 23174 54 22715 22 13907 30 5798 70 
19956 36 14786 26 25895 33 8294 47 11922 60 265 84 30728 43 6312 55 27656 7 6249 99 
3206 92 5757 87 19182 69 1610 5 24935 56 31690 83 20821 14 15918 50 11041 34 28104 23 
828 31 16679 63 14433 46 7556 18 28443 25 3677 63 26248 68 24671 22 2652 13 25481 26 
26152 23 6287 21 24029 59 19836 73 20364 71 28060 67 623 46 2201 67 1837 99 21732 93 
27994 9 12630 2 29245 31 27160 40 3287 69 17600 47 31520 43 6076 56 13460 17 28916 22 
26094 35 4011 62 23092 45 13734 83 29939 93 5009 31 8652 51 21662 84 23855 70 3439 14 
14951 1 4662 8 2775 97 30747 18 2691 21 17886 6 13778 82 6077 77 11410 84 15000 39 
17980 28 595 38 15225 92 24444 48 2278 43 30765 80 28436 26 18484 26 13268 95 3186 89 
2225 55 32129 100 15037 72 7578 76 3985 3 7605 69 29583 28 7665 11 23914 86 19767 46 
2793 8 11290 93 31463 6 30466 88 18591 47 31626 77 19494 80 23846 25 9273 93 3337 10 
3385 90 31046 14 10612 53 14133 69 7846 70 11544 100 11456 51 32510 34 8679 86 17128 23 
20416 63 16427 51 26091 74 15893 40 21965 33 9683 87 9107 82 31634 25 18547 63 29413 24 
2613 1 8807 71 27635 94 6817 43 7197 62 25646 67 959 85 10524 66 23303 67 3478 14 
26370 44 31680 77 17574 97 26339 56 25877 82 18890 14 7968 78 25708 34 31242 23 31947 46 
5519 79 10011 63 21285 52 22823 71 9346 34 19697 19 9054 82 30360 69 22138 72 4479 39 
18401 34 2220 29 20590 52 15982 63 15502 92 30531 66 11847 27 27640 28 24698 3 18194 70 
12133 2 4461 38 2667 63 21027 46 13080 56 26031 79 28000 40 20563 53 1319 25 4023 78 
19719 84 12242 77 31309 15 9997 21 580 12 15782 90 23735 45 1107 60 20401 72 7721 77 
10375 15 25019 52 1560 54 5510 27 6228 12 19341 40 30971 83 8256 16 423 68 24738 7 
17165 14 23467 20 384 86 25323 80 23223 91 15985 29 30927 31 6123 13 30355 97 8463 82 
22780 45 31033 81 16884 37 5717 38 16479 25 13567 26 24924 81 5097 67 26312 33 32381 35 
18181 69 27332 20 23033 2 11911 19 22361 22 4020 8 2599 3 13314 40 23929 62 13272 60 
9853 73 21612 89 20410 45 11560 100 18840 38 15441 4 25635 55 12010 94 30220 74 24534 37 
29936 47 21054 82 25309 84 11058 33 13587 38 28307 21 6151 18 816 84 13486 10 16943 11 
23287 41 5551 4 13722 59 27307 52 27408 42 31265 44 20450 54 11636 74 3623 99 8720 50 
26184 9 4172 18 27911 47 6548 72 27328 8 16839 79 16366 94 6110 95 29424 95 20943 54 
19214 50 24496 51 7351 61 14880 80 11020 8 28643 16 17059 23 14028 38 29060 60 992 57 
120 71 28344 44 4484 97 25639 8 1968 42 27677 47 7180 58 1739 83 17397 82 25864 16 
19605 56 32756 38 20393 88 21467 26 25991 9 16988 78 14431 63 24522 3 23745 70 12242 51 
4959 39 5470 40 22549 42 31162 100 25126 64 28405 57 31177 65 20875 90 18148 49 11584 50 
32023 62 26959 20 2300 49 32708 44 8877 45 17447 38 27015 32 32090 28 27950 26 22212 41 
18385 87 27824 35 11696 44 30703 92 5595 80 23749 69 24636 31 8451 6 7383 23 3440 10 
22609 71 32365 54 4527 96 10201 100 15713 50 20531 82 31103 63 18174 75 22354 49 6762 1 
24086 54 20528 99 11006 84 9662 1 21113 47 7060 70 26292 10 20462 98 18272 35 27811 36 
7861 70 11341 9 12215 68 15018 89 22968 21 29762 49 29982 12 18762 50 28006 33 18377 41 
15465 47 4345 16 10974 11 15856 71 31265 57 30591 35 23347 90 17755 43 22273 14 22650 80 
3049 78 21696 43 25722 92 24027 16 11131 6 27500 41 8495 17 10343 62 30168 3 25020 16 
19834 66 18487 25 12513 98 2468 55 4069 41 1336 45 14573 26 7980 96 27058 32 30635 53 
23878 51 2286 86 31572 47 28838 51 3241 96 26778 83 6387 98 12945 55 20937 63 31602 83 
12012 57 31146 67 8141 15 19150 27 30287 3 21633 74 28365 93 11417 67 31071 63 19581 13 
10329 84 5073 65 26645 58 24150 69 25587 35 12555 71 15517 70 17049 59 29584 47 25325 1 
12248 4 1575 14 16410 6 30387 20 32216 52 29365 69 30193 10 14507 57 31335 80 18254 30 
357 83 21688 44 30081 84 16588 84 23358 41 1747 17 28629 5 29283 2 9525 20 7045 55 
8008 69 28182 98 5752 29 16494 67 17266 97 15680 59 14377 56 9409 30 18974 72 10509 35 
29152 93 27078 52 17358 73 21246 54 26148 37 25431 18 10294 36 7528 69 7926 19 10339 9 
27324 9 25589 72 2631 52 29550 28 24319 68 1058 60 18044 18 21263 90 27980 40 13760 45 
16113 83 10865 65 5930 40 13171 9 6260 67 466 100 19407 49 13110 68 28101 85 9991 51 
3241 78 11988 30 23581 82 7670 86 25046 38 31856 40 24484 96 24858 93 7852 65 14079 67 
32760 77 29187 3 30259 79 30409 11 19629 18 14803 46 24486 32 23019 73 10696 64 14786 73 
19189 95 23768 62 27715 30 2971 74 9541 95 723 86 18061 5 12861 20 11630 65 20086 18 
1287 31 14875 6 6268 36 2607 79 6791 24 10685 22 1584 75 24766 24 31960 88 16956 83 
17788 14 17848 31 20792 87 4042 23 26890 66 11783 97 26841 15 18983 62 11190 84 6248 53 
3425 74 1325 46 9487 74 26091 65 7530 54 12613 72 19930 71 630 58 30979 39 27632 65 
21647 45 23874 15 15917 16 8255 19 16857 78 12637 2 21855 75 30555 64 27930 84 7719 10 
19970 32 6398 3 16614 12 4053 78 2805 97 15352 2 20355 28 30705 29 16138 93 1707 25 
14191 81 21975 48 14727 65 16271 37 22490 66 3897 47 679 70 19887 6 21800 18 6301 96 
18454 78 2346 97 28016 42 28122 18 6521 18 23474 63 7424 21 23198 7 29923 37 12561 32 
4822 10 4843 83 9057 32 14239 21 29992 1 7061 7 25967 80 28877 55 30173 43 710 87 
28544 83 4510 61 14098 61 26746 84 13947 31 13096 58 32662 41 22275 19 3128 70 21271 65 
16239 74 27526 28 3079 48 9259 87 25683 55 20092 64 22314 60 11957 56 32303 95 31795 79 
8533 36 16669 63 13219 84 23882 78 3381 44 12383 57 1668 11 12088 2 22759 83 26762 14 
26713 34 15558 36 23164 38 19776 56 7902 50 26256 43 19579 22 27192 70 30852 57 31624 41 
27231 34 29631 94 20719 58 24947 62 23829 95 5939 28 25975 68 3434 11 30592 51 7046 9 
31144 51 19546 89 17141 43 20929 76 19393 18 23429 47 23487 37 21887 44 22841 53 20735 64 
7579 78 7534 96 29493 77 21553 90 8253 20 23505 70 8979 88 9817 52 969 1 12032 84 
24291 50 31496 25 3419 59 8678 86 3561 74 8355 23 4993 42 31874 26 23836 49 30947 65 
15035 14 25703 39 25513 18 16725 93 513 14 19773 75 6001 8 11227 27 7997 29 14653 1 
4487 56 18216 75 11213 49 18873 99 8883 100 14152 15 8451 15 8081 85 14322 97 15894 59 
9381 17 3007 64 3827 42 5060 64 9581 56 4044 16 15003 7 3927 85 18313 70 11865 39 
30594 15 7975 81 8476 25 2967 20 20597 13 4451 27 18107 90 24015 12 4850 3 11404 68 
10225 62 11739 96 5038 95 6134 37 15292 97 26539 73 17170 76 5194 26 32014 90 15041 31 
4538 87 1030 61 14157 32 19125 19 9461 71 17403 1 8915 21 12210 45 23367 59 21453 43 
20847 2 18167 6 8426 32 20087 35 27362 8 21335 74 5193 1 12997 80 14690 57 28089 92 
31364 30 31704 76 1563 88 17817 46 1007 33 2470 33 17833 40 12677 50 24723 100 22903 20 
5279 25 4000 87 9387 45 3689 100 1027 96 30243 80 32039 92 18925 32 13775 98 13271 15 
13357 85 21575 2 18802 17 8348 88 1427 55 5394 16 6221 71 15845 8 17255 65 23482 23 
16951 25 10042 2 19047 5 30720 66 2553 9 21173 17 18057 81 8825 96 466 17 8581 80 
18292 44 13583 80 2037 89 16494 85 9477 79 13183 42 4870 72 22599 23 13259 77 9178 33 
20128 52 3707 20 18827 86 14084 55 2002 74 21897 23 4541 81 16696 95 27037 7 3459 75 
12813 70 642 76 2424 13 29842 10 16092 88 16195 43 17357 47 26481 31 32700 32 10416 9 
26745 41 29166 61 1015 5 5459 2 14160 65 12140 6 1800 82 2441 99 11414 9 31587 76 
9504 15 4098 64 7559 94 29150 67 24483 15 25157 11 9424 50 16380 37 29097 27 24873 64 
24339 55 17520 81 29822 62 23901 43 30567 30 2 5 21537 96 12257 58 982 73 22028 19 
5065 32 8842 40 12765 17 7421 8 25179 89 10370 2 17136 17 32473 12 32501 56 26310 33 
22771 1 10678 20 28007 40 3238 70 4802 84 20545 52 31412 9 31816 29 30890 39 31287 69 
4502 30 17190 95 14574 7 9453 48 24311 75 25227 81 13379 63 13257 21 18040 56 26650 78 
23124 39 12486 2 9966 8 22087 5 22079 62 23795 89 28384 22 23772 44 2837 97 4341 17 
267 63 24950 58 24670 66 28033 81 26846 46 22533 46 24211 2 23523 16 24319 87 27471 50 
7074 84 24185 11 7620 5 30061 45 30574 72 12600 51 1466 92 18509 25 10316 52 14887 80 
4641 16 17967 94 6024 86 18911 46 7533 72 18984 72 3549 47 11281 52 30151 47 24738 45 
12288 70 2048 21 16778 6 20441 69 19222 67 4354 5 13255 1 28767 1 28985 13 1796 86 
4290 85 21913 100 26104 45 1795 4 627 53 17985 53 23252 40 11155 7 15621 78 1250 31 
31683 85 32092 85 29530 4 26719 3 19376 96 13208 69 7045 84 17516 90 20729 21 17558 98 
847 57 8722 68 4592 19 17978 66 13491 78 18480 78 24923 53 7803 88 10850 27 5109 29 
31477 92 996 38 21567 56 8551 53 28650 98 19988 39 27619 92 17375 11 25438 21 5693 58 
6427 79 20106 35 5863 70 10152 89 26213 69 11498 27 18190 43 16432 7 1399 89 19283 26 
22482 86 8387 6 25528 27 20334 93 20774 12 28132 86 3781 18 8377 50 11118 18 24619 72 
26861 30 16645 40 27653 71 17604 32 11701 3 29943 68 4538 72 19948 88 18005 24 15496 55 
20814 70 13175 58 28217 97 7046 94 8696 28 9036 94 10113 74 12816 1 6626 47 487 42 
32642 82 9501 64 6825 28 31446 44 9026 48 22261 89 19936 29 24893 28 17408 50 28598 96 
29070 80 24659 87 19370 97 13777 97 29867 58 31714 77 24932 78 13963 21 25511 42 24779 11 
15880 64 15997 78 9443 32 1407 82 20641 11 8724 43 1334 66 6791 22 13038 63 22034 9 
5226 10 19197 44 28133 7 22538 4 20925 82 19729 29 3630 99 26344 67 10336 39 17029 20 
2212 14 2919 12 15354 34 26930 12 28376 100 28825 8 1318 54 7040 31 29581 85 3170 37 
15857 68 8433 81 16188 12 6141 19 7774 62 20119 15 5266 22 22646 70 26850 40 30618 76 
17645 68 14126 55 18152 22 11699 64 29923 24 10843 31 30029 32 20915 23 12475 1 28037 59 
16613 25 29693 78 20721 66 2570 78 21237 29 1287 75 11959 28 12187 2 19895 34 21982 40 
10351 9 23741 23 14553 26 26783 89 30258 89 22345 34 15870 36 4350 31 20044 44 29931 47 
13627 23 25795 9 22973 70 13223 24 411 86 31816 2 30905 14 8783 76 15772 83 765 12 
22313 68 6414 81 14255 19 6116 31 20776 83 16865 22 16060 95 32277 21 10119 51 28953 22 
16028 26 7482 96 1098 52 19930 39 11422 13 21012 75 20264 94 19103 95 17410 78 3829 16 
21007 43 28084 63 4737 2 19524 91 11678 96 27066 19 21699 54 18684 10 7593 68 1574 23 
8935 50 6957 96 3512 23 22467 97 27903 69 4218 94 32136 52 18731 25 18321 14 24217 77 
13705 91 29522 96 2071 47 9174 41 19294 36 17915 93 12672 36 14224 31 30304 43 65 95 
12461 96 19130 81 13340 34 30992 53 26868 85 22620 8 15568 94 14249 92 4256 31 26128 57 
18418 66 23585 41 23920 69 5253 53 8361 42 22498 88 276 12 32767 31 2641 13 30249 50 
30131 49 28885 23 29948 88 13446 68 6759 87 23537 1 492 97 27487 78 8127 55 13140 66 
22554 72 18030 37 17468 83 1679 43 18610 81 3391 73 24789 60 29515 31 17300 60 15282 43 
17779 72 26050 26 7124 100 27263 44 25973 24 10564 85 7227 17 1965 21 21550 94 18611 55 
27588 27 24345 41 4450 49 16136 19 16928 28 29430 30 9677 28 30668 87 27699 85 9287 1 
3995 83 8094 67 8340 98 11110 13 32497 78 17587 44 9233 69 24705 27 25187 99 18258 13 
15912 75 21528 61 17275 13 6740 85 32143 19 14208 34 29497 19 21419 75 19630 93 5475 8 
1677 49 3287 29 22048 96 23101 63 8927 44 4978 45 14645 17 11488 95 6791 65 27045 92 
3699 38 5874 54 22869 42 5808 78 15376 20 32106 27 8459 73 18279 2 6777 61 26902 36 
5598 95 16048 57 26830 34 7960 81 6904 74 5638 19 4452 46 2404 95 32505 39 19960 87 
15938 93 28484 82 30834 29 11946 33 15781 14 32212 27 29288 48 30803 62 13948 42 8326 90 
10455 11 25534 22 11500 75 10655 13 5420 46 29386 87 22221 58 19129 40 10954 45 4329 28 
16427 73 23871 71 25478 83 933 50 16326 85 31476 87 7211 59 11030 30 15250 61 26220 25 
16631 51 4717 37 15672 25 17296 57 18971 64 20588 99 22163 53 8222 29 2111 60 14316 49 
22068 43 19496 92 16636 92 22614 75 19422 100 657 3 7008 54 20010 71 23819 76 24979 87 
23662 48 25467 39 26982 69 13115 52 29596 87 113 95 32590 24 1514 16 22355 57 27590 68 
8281 25 5334 10 12658 40 23369 26 21967 86 136 99 23498 72 21598 7 5418 3 22364 49 
11427 93 23676 66 29853 73 28164 27 4919 22 31149 90 12170 98 2053 98 1074 43 786 52 
31499 94 20536 60 13880 60 16732 77 10858 34 8522 51 11870 48 24404 45 9128 64 7740 18 
7344 3 10837 100 9210 48 6884 81 2218 76 8908 69 21575 46 21611 56 19903 52 23743 22 
11691 6 31181 83 26581 77 12355 26 11767 38 1116 73 4038 64 14852 63 23599 72 24637 93 
10209 72 11201 73 7435 81 25832 31 30823 4 27853 28 22391 63 7596 57 15375 21 2703 6 
26899 36 25130 31 31874 54 30979 15 27315 60 16086 58 16095 9 9015 98 17632 35 11641 90 
56 21 19407 55 5205 17 7601 44 532 30 15745 56 24195 60 19823 25 26347 31 19354 35 
5646 74 29047 93 7853 84 8823 23 28493 84 11748 93 9019 89 26636 67 1230 8 24226 73 
1260 10 11361 61 19407 84 12274 74 18185 8 10768 75 22726 4 1770 37 3154 42 22217 30 
29659 28 14834 87 4983 45 17358 70 32105 44 6472 95 928 11 20087 36 8832 11 18301 59 
2277 81 8367 65 24933 8 25078 23 16598 42 372 43 24080 72 31083 81 30452 6 30043 47 
1710 97 23147 87 12598 39 12042 14 2077 40 9686 48 3206 91 20413 2 4723 9 14690 39 
26946 27 30658 28 28023 50 26647 74 26555 6 9981 84 23845 44 723 80 13497 72 28004 94 
22062 77 12486 36 9717 96 27523 97 630 27 6135 96 9885 87 8953 58 5525 95 21950 55 
29651 63 5881 42 29015 83 18247 35 10542 80 15563 53 6716 85 8725 39 7480 38 15433 64 
31736 49 23677 63 3567 65 98 44 32244 76 26151 35 7492 39 6042 24 26571 55 12433 64 
7583 42 25736 7 5582 64 1931 67 11865 71 7767 23 32128 65 14780 99 10304 81 8517 7 
539 55 4379 19 23063 16 3879 6 6409 29 7031 74 5395 90 16355 15 15980 46 17136 17 
2399 69 500 75 14743 90 13947 57 29337 7 10986 10 12690 66 8802 35 5203 24 30695 6 
4506 71 14530 26 1683 36 15907 5 15774 27 2571 12 21075 19 27497 88 5827 44 11652 77 
24065 31 22168 51 20450 35 14788 66 10752 9 24611 46 4613 83 3386 7 23846 8 25234 51 
28909 71 26277 65 8508 57 29439 41 12175 75 19869 58 20353 89 29081 74 21650 28 19209 20 
27943 98 27172 58 3794 31 29094 94 30676 50 17526 98 27104 38 13958 83 546 66 17659 50 
21120 100 6543 20 8224 33 23859 60 27434 3 7672 98 9167 67 19503 15 12426 45 4815 22 
10661 22 3864 33 28160 88 11126 56 29966 52 8616 9 544 97 26657 12 7398 63 3759 69 
29490 90 20058 24 2048 8 20623 28 21428 24 29054 48 14754 100 448 50 30419 18 19261 4 
28166 94 23885 51 29942 83 25629 38 1755 63 3925 28 51 44 19447 10 18370 29 21898 87 
2264 64 25209 56 25298 41 28598 81 12771 14 28578 5 21781 60 24625 51 5514 3 3145 57 
4872 98 31852 78 22965 25 23191 26 1310 54 19818 81 5246 93 3720 85 21566 83 16449 35 
184 37 18031 56 1600 99 9885 87 613 99 13167 54 27252 14 1854 62 31550 57 4610 71 
22043 55 15989 48 28463 71 29301 31 12524 83 28330 64 30936 76 20842 83 20881 37 16601 47 
3598 16 85 41 10791 76 29969 33 5208 28 24063 27 17602 52 17140 64 17778 58 24327 83 
4070 14 2618 87 25549 53 26204 98 31503 55 21293 96 16141 99 28100 12 25386 97 7982 51 
2186 26 32344 39 20250 86 2350 9 30672 14 30981 85 31796 58 13878 69 16159 22 12044 9 
15042 49 5601 70 20459 87 19075 30 6788 3 29405 83 28508 39 1747 6 26411 71 21357 5 
6864 95 14648 4 29916 89 10729 13 15444 70 10564 75 15539 96 21820 76 12079 19 14684 37 
18749 72 29029 37 5207 19 24377 52 29437 44 30711 87 30458 25 27752 37 27880 54 12442 32 
16630 80 9930 84 8425 86 29063 67 32609 5 12565 42 23646 95 12304 94 30466 18 17233 95 
19609 90 24854 21 2262 60 13148 64 19295 56 10640 77 26253 74 19815 45 31596 64 24331 34 
5898 48 31863 4 13550 48 22564 78 19174 53 17125 36 16902 7 3343 88 237 21 734 60 
27466 9 2068 41 31391 99 5859 94 21573 19 9741 42 177 84 14922 44 10229 54 9962 16 
30601 74 16827 42 5452 45 3629 7 17350 62 9140 89 7088 80 21358 24 32438 39 20742 54 
10107 90 25304 62 31454 85 23894 37 32380 19 28074 13 6261 31 30621 31 31860 98 2743 2 
27113 100 12967 8 8089 81 9958 33 10329 74 7576 42 25878 100 17843 43 30745 51 11362 52 
30089 98 4524 80 32050 34 28753 79 8580 84 15604 43 16351 88 8319 61 11790 8 12740 49 
24849 52 29280 29 28959 19 4837 73 7915 18 16952 12 15911 63 3127 34 10566 33 2975 23 
8839 94 29485 36 17967 77 12804 51 29205 41 14159 59 18020 85 6439 80 9117 34 8887 43 
18907 50 3486 34 32091 30 27284 3 21563 38 32081 55 4482 8 4011 61 12641 14 32766 7 
2745 72 3792 28 10716 85 12213 14 18584 13 24945 90 1906 15 20829 22 19503 71 19980 50 
27033 63 19757 22 29823 50 2227 75 27134 17 30516 12 2815 45 9103 91 4353 96 10194 44 
8217 40 20315 89 6710 77 9277 39 14250 34 27621 84 2278 15 22269 65 17797 32 26768 73 
3213 97 22639 7 31217 84 29908 25 13658 27 18246 70 24102 83 188 57 30897 64 28933 74 
16596 88 3431 84 1452 70 19079 15 29341 10 19848 61 27030 2 14455 60 21142 66 5607 81 
1135 52 10200 19 10954 58 7646 49 19819 41 30335 2 23734 47 4060 71 26482 3 11156 61 
24014 56 27109 12 1441 75 20 26 1014 45 11791 84 8136 81 14162 40 8714 93 25351 66 
30443 34 18289 60 29783 8 25738 8 27073 88 20971 79 23840 62 1005 12 6455 30 27662 17 
28954 26 30870 34 23790 52 14202 40 21488 72 8320 44 1977 5 19108 39 25792 52 4282 32 
31776 64 26966 72 15003 64 30185 89 4319 42 3372 6 28937 66 17602 34 17768 3 15897 52 
17539 55 14993 62 18013 44 15072 88 32503 73 11701 82 16919 3 29083 32 13384 50 11808 39 
3362 51 18487 21 20171 99 30172 1 5822 40 13558 27 27595 54 10625 72 11615 13 9964 83 
2054 17 26816 79 4910 74 16003 13 31790 89 11996 68 25223 2 22008 13 18793 47 811 54 
17017 65 23003 82 13777 30 31130 36 27464 99 29074 19 14580 10 806 47 31470 47 30678 52 
14421 31 3683 27 6550 65 17204 91 5098 41 30713 54 28192 80 16014 16 668 25 19234 19 
25248 25 20888 84 16074 62 21037 49 14558 91 6492 16 710 45 30463 66 28375 45 28854 91 
21846 100 29580 37 29499 87 18648 58 9780 65 21090 32 10733 81 20935 59 14991 64 16159 26 
16519 38 29404 26 27016 80 9973 81 21203 50 4933 36 10422 22 10542 46 24402 85 12929 92 
26786 88 22434 21 3001 86 20711 44 16715 88 18242 89 14703 57 10272 29 28323 34 28816 10 
27153 81 13224 38 7441 58 24612 29 29678 42 2385 25 1517 20 14122 42 1675 28 448 35 
23559 26 31711 27 32544 10 12526 95 2080 21 14871 58 3353 40 11944 38 13679 68 29625 79 
9878 54 12048 90 11805 31 24897 92 19692 59 27417 46 1994 82 573 31 8482 31 22799 16 
8198 72 32209 80 18548 65 13581 64 26840 100 21300 92 8403 85 22917 42 1339 43 23088 42 
17763 95 26556 20 13724 8 5030 6 25339 14 16459 13 5213 31 18951 97 23721 18 19359 71 
8789 82 476 7 16428 63 4729 62 9038 91 14912 38 2680 52 9839 55 19077 8 32096 60 
15413 57 23145 26 14126 25 16642 76 15936 69 19237 68 16621 58 5883 37 5673 52 14260 22 
5214 95 11702 61 27315 14 10747 7 8078 2 8372 40 22615 19 28467 22 20096 32 6407 87 
5570 49 24681 22 6057 88 15831 1 26706 13 31486 13 22644 55 29917 6 26781 29 18728 90 
446 22 29418 38 5866 59 6767 58 5211 43 7265 42 16310 53 3121 94 28047 80 13752 60 
12336 68 25119 55 25494 87 25596 38 15037 42 11965 73 12830 52 32074 84 2933 39 19430 13 
14023 66 10582 30 19620 79 9030 64 32170 59 20968 14 6986 78 18142 25 7631 59 25434 100 
19355 99 22916 51 26036 24 23836 83 32128 14 18272 24 22477 25 12848 11 276 90 20080 39 
30463 63 31150 38 2856 36 22276 23 25380 83 28480 70 14784 46 7235 73 17802 19 17319 14 
26772 76 9381 23 3444 92 15669 52 21903 10 2678 15 31896 49 10321 48 5459 60 5209 36 
927 91 6134 36 22451 25 7619 86 28328 99 30260 95 31800 13 20348 93 25029 88 25774 30 
30364 35 10274 82 9596 22 27930 33 850 76 21669 49 17223 95 452 95 11260 46 22732 20 
29204 46 19979 18 7156 81 1966 42 21190 83 22242 24 17604 89 19514 49 31923 32 27473 57 
21165 70 16816 65 23076 24 25842 83 28964 15 7206 31 21720 50 14452 20 24400 100 24836 75 
21121 98 22043 27 21646 64 28551 19 326 53 23102 24 13549 96 22850 13 29759 52 3527 43 
5554 10 2712 68 4092 25 14007 41 4565 22 17219 12 18174 66 14495 35 28290 49 24273 17 
9788 31 1320 12 3993 5 27938 13 12703 40 23692 60 15406 2 6891 35 4230 62 24091 28 
13066 100 27190 4 2628 5 26808 51 3880 66 15072 62 21149 4 19289 72 31801 48 8985 8 
9804 65 17802 57 15137 26 6119 27 14208 100 22505 37 30327 16 26020 88 27227 81 25771 55 
26377 36 30843 60 24945 19 8215 98 18518 43 29935 66 23119 13 20742 99 7442 24 8276 65 
23025 1 24938 98 17317 55 6484 96 10571 8 16067 65 23212 48 24684 75 8641 8 2731 22 
30071 73 12396 45 18863 62 6987 93 8329 31 9978 24 16610 100 19427 49 13851 30 15631 11 
32028 84 7495 74 665 52 3961 96 22164 83 9821 53 14628 50 30551 26 25716 31 21664 20 
14350 15 29345 5 10586 21 31903 98 7521 91 23709 45 4055 23 14974 17 11097 34 30315 3 
14067 76 8820 3 31973 90 16250 84 3751 91 16716 32 2602 76 7696 99 17505 32 27877 98 
32000 16 22470 35 32644 87 25777 31 21875 76 23049 99 28133 31 16954 63 24131 5 21147 81 
8271 96 14744 24 29028 82 6160 55 14079 89 10748 8 3199 83 25170 37 24105 51 32297 35 
13679 64 21277 77 6770 76 23797 26 11973 39 20099 69 25972 13 10700 97 31813 98 9065 45 
6717 92 21805 29 14182 38 1032 34 12752 79 32043 83 13270 77 20077 88 20386 51 24046 31 
29684 37 9466 29 7710 62 4656 94 27988 54 22243 32 31522 25 9152 65 7486 92 6321 67 
29824 75 27650 35 27951 94 3267 41 5246 52 17517 87 26454 41 7112 29 32342 7 1803 32 
15129 15 7493 69 23223 21 24317 63 4494 85 20501 99 5186 67 26869 32 12802 65 8933 68 
25613 83 9145 78 30325 60 19636 92 11811 100 12455 66 4124 9 13657 35 11779 30 25643 80 
7134 24 11772 51 29469 95 9803 82 1752 1 31131 92 11608 37 8988 63 17113 67 9607 38 
18830 69 19274 29 19174 65 12773 31 24078 81 9364 43 30647 19 2606 2 26393 79 27213 36 
9271 10 19887 93 21349 16 32220 7 8712 36 26633 5 24734 62 10045 25 32254 41 31154 16 
18400 55 9598 21 5279 41 4210 21 14910 91 3907 19 30378 72 12263 77 11582 78 834 49 
7564 73 10754 58 30555 43 10440 65 28652 67 18312 39 15490 14 50 58 5664 63 16530 68 
10901 20 885 98 7862 59 1293 1 1515 57 5782 37 29421 80 21818 88 1485 89 18482 69 
6969 30 10799 40 251 4 25080 5 21442 51 28244 58 27173 100 18730 46 28901 47 1511 56 
7282 39 12064 25 5041 63 10105 69 30717 26 4549 67 11884 89 1134 18 20051 15 3095 50 
22796 46 16769 100 7926 48 30379 11 30142 44 16190 47 9181 26 22567 39 9570 89 12934 73 
11762 31 9671 88 3085 34 3342 25 20882 25 21465 94 25990 80 13793 93 25361 69 13889 44 
27081 87 4569 77 17204 68 12533 83 391 25 23594 61 31668 97 14465 43 19108 52 20184 43 
11201 93 8836 9 27832 21 6971 58 17533 41 17970 9 15759 46 12930 68 5501 32 27856 66 
13737 73 24109 17 10572 94 4667 45 13498 99 10385 5 29160 91 30049 42 5675 70 5464 74 
17730 98 30918 8 5527 94 10751 68 10690 30 21249 72 847 64 18007 80 29377 16 3901 53 
18646 58 19716 74 11533 74 23992 10 15718 89 7169 46 23401 86 13383 50 19049 32 21785 19 
778 62 16080 88 24577 98 30319 19 2075 66 8142 61 14721 51 17144 64 23098 16 209 45 
29169 12 31484 66 28921 71 29435 86 26766 62 25752 78 6238 72 8068 82 30024 3 9279 53 
3427 63 18487 73 27970 62 25908 51 27254 4 6131 78 30549 33 21009 21 25594 28 17196 5 
12429 50 23876 35 21701 56 30823 92 8362 75 22925 99 6816 81 8385 35 32417 5 25217 100 
17098 6 28776 85 17689 50 5386 52 1653 21 18208 74 5870 63 6117 34 5959 90 24767 63 
29617 78 29730 24 15322 3 21937 64 15398 97 15783 67 15420 75 27510 51 1733 90 2990 90 
7792 90 13599 31 17466 64 16706 75 13036 2 981 14 13285 5 9670 25 28953 29 10066 87 
10330 86 19822 31 9175 77 32358 64 7138 44 20932 28 26102 63 22387 20 5368 87 23076 48 
28349 100 8433 7 23245 46 29760 54 11878 43 27115 1 31172 84 15518 28 15008 29 12928 55 
6135 6 22293 9 2828 80 3171 30 6576 59 14163 72 1473 8 2907 74 5617 62 14682 18 
23496 45 1475 17 6893 72 2558 56 13729 63 9483 29 17036 35 24425 42 12220 65 17974 89 
5867 8 407 85 9984 67 10842 92 18137 10 8922 86 21832 83 30499 45 10843 92 2135 65 
15841 28 1873 97 5929 19 647 18 27149 22 2869 28 1327 30 13752 84 30083 63 31031 77 
782 80 12937 13 27373 85 20051 9 31384 58 24177 95 28776 18 7832 80 17751 82 11321 26 
17416 75 30120 92 4359 17 9341 56 2129 70 1851 16 5143 26 15919 48 24767 100 12187 70 
4652 8 1812 47 24127 47 17449 1 12445 44 7237 74 15283 92 13271 28 6904 29 29359 13 
27250 6 30635 74 30588 70 28564 94 28358 86 21315 32 11165 88 20744 44 3181 9 25932 65 
28804 93 26228 29 17176 94 2057 61 14220 54 6422 57 6895 41 466 54 24262 66 17535 16 
16651 88 1426 70 13685 100 24340 35 29690 82 840 76 20627 49 29326 16 16447 47 18567 55 
12106 84 25722 82 3279 25 28919 69 12156 97 3770 65 30613 67 9937 37 21051 22 10242 24 
495 88 13159 85 20562 97 31835 82 3374 36 24474 45 32442 75 30115 68 10010 60 9313 70 
806 50 29707 19 9836 61 11081 88 22648 57 30360 38 5971 73 7919 45 9033 19 5027 100 
30703 62 19336 43 22117 48 16729 60 17625 61 3929 82 10060 7 28219 11 21913 32 6975 92 
21171 41 27039 66 2350 92 809 87 12545 100 7213 33 17034 71 7833 71 6866 21 4195 86 
13587 92 14631 41 7543 83 19218 99 291 82 4862 84 32628 78 29662 15 8328 17 12637 48 
5377 21 19906 34 8965 29 32535 18 25737 84 32650 69 15056 69 15635 18 6958 62 11351 67 
6418 1 17101 13 20804 4 23583 54 6762 4 3795 39 7889 28 13354 47 17258 15 10056 87 
19 83 32662 21 3352 52 19045 62 2554 56 2004 18 367 28 28403 67 28329 19 15656 7 
10203 89 5330 77 20986 71 12077 39 16833 89 25974 83 28151 40 21839 79 22260 21 9316 28 
1890 77 10063 85 4673 14 28601 5 12845 55 1474 89 28132 60 20643 22 26115 92 29330 71 
12304 30 7143 57 25277 33 6524 71 14187 36 8793 13 25838 37 10385 88 6032 61 12647 64 
10840 80 30901 72 1420 49 25487 73 18036 5 1571 90 5217 100 16611 63 18158 48 14567 81 
16774 41 12172 16 10278 81 32098 70 20836 56 13381 83 6577 90 11465 53 31707 76 732 3 
4822 17 17830 4 26811 38 24244 29 14097 64 29782 16 31820 60 19269 86 2707 83 27529 67 
29638 95 3226 83 30400 50 3270 52 20953 41 30674 59 7855 72 24804 43 6951 36 5025 92 
942 93 24722 76 25285 33 2252 70 31164 52 3280 4 9917 30 25264 83 27661 86 22387 80 
31887 25 8123 30 29066 78 23461 61 3499 34 4593 32 12622 47 26211 50 25593 53 3944 61 
5929 65 20221 33 1618 25 29389 84 22561 95 8089 6 25860 58 27613 43 18156 7 3505 70 
5714 88 8173 64 30840 70 17040 86 25329 22 6755 91 14435 24 29657 93 8844 92 3386 90 
19843 38 19456 22 26688 21 24962 3 3679 67 8911 7 32545 71 6109 81 17844 6 1507 55 
14004 97 30979 67 26353 3 4396 81 32627 96 5695 44 4795 37 6000 10 22348 43 6640 49 
27498 62 6857 96 1570 33 26633 14 14730 63 5410 50 10826 47 3729 34 24667 40 4286 52 
5391 79 1571 2 8786 22 4273 77 30511 35 17007 2 13718 60 18789 56 23900 79 4792 72 
10371 49 10518 90 31932 23 21076 47 5674 5 12374 87 20329 70 26928 89 10959 80 6794 21 
241 24 7241 86 30825 1 22124 60 10967 94 11827 67 6950 36 20103 20 24849 28 20374 35 
11749 33 446 54 3720 10 24492 73 3770 34 27589 63 8603 52 31940 64 29549 17 15781 39 
2204 44 25795 86 19963 32 26173 71 32337 12 9629 65 276 23 27324 12 9844 25 7648 30 
25756 74 3880 82 31284 10 19754 9 6698 44 20186 50 1202 79 29870 25 12683 6 9471 68 
28548 74 1971 14 7488 45 9497 81 24374 57 27668 38 30459 19 25468 47 8132 5 2753 68 
5159 47 11729 72 8481 29 12348 54 27229 96 5014 59 17331 94 15646 66 17392 30 16028 35 
29909 92 9872 56 17506 89 7048 17 6996 27 18130 94 15596 24 21075 74 21490 12 32183 46 
20730 3 3787 15 32230 71 8486 76 27308 10 6415 3 5977 72 15771 14 32598 4 15894 77 
27114 15 9892 14 9217 41 2088 52 1836 54 22373 88 29160 64 18276 100 5411 51 8981 9 
15100 49 27192 80 27339 16 13694 80 3681 80 9708 2 31889 21 25473 65 3311 60 28440 57 
6359 69 19344 1 3505 78 16937 100 29812 61 17969 4 4713 7 15329 8 1842 28 9858 68 
3082 33 467 89 14414 49 19119 19 28477 43 31467 61 23292 84 31870 52 6364 44 22500 24 
31456 14 8644 42 634 48 27600 59 30870 91 15596 27 18137 79 21651 62 30251 83 15735 95 
30323 17 29544 2 5025 75 8311 79 15346 28 13659 75 31599 100 24852 38 20664 65 11214 62 
16127 75 14599 51 16727 35 29940 100 815 60 12577 81 537 77 29785 65 31953 34 453 94 
21370 25 23383 11 15658 96 17258 57 30377 84 418 1 20086 63 28442 40 12811 11 3518 40 
8290 58 12021 75 9656 81 28036 33 17553 69 32431 18 28668 34 7840 80 31512 58 7181 31 
8663 98 18198 51 3842 55 18284 34 894 52 7608 41 717 14 21563 82 10455 20 8881 44 
3307 72 2428 79 22017 81 10238 55 25666 95 21063 35 13258 96 10736 80 23724 63 15942 80 
21558 7 30636 92 21367 72 21050 81 1791 18 11178 58 27622 79 10357 76 32272 29 29753 68 
7086 61 24926 17 16904 68 11257 46 1915 52 25584 66 30397 82 16992 32 12137 65 28219 89 
28599 31 29750 96 27530 46 30178 18 5297 70 21528 38 14438 93 22683 2 5659 4 8953 26 
21367 100 23730 21 29083 55 30876 62 10153 35 390 1 18055 79 15388 66 2528 10 8203 88 
31340 96 27749 78 17778 12 23366 18 11659 90 14520 63 30888 4 24788 81 32598 100 26922 38 
16705 80 31075 51 8951 18 5925 3 14575 57 26935 43 17354 32 13798 87 16856 53 8359 4 
14814 80 27389 83 8983 5 15517 57 3704 59 14033 75 30008 75 22298 12 20624 32 27929 63 
24256 88 10159 47 14674 100 32100 62 8354 35 29701 5 8350 93 2961 6 29387 97 20567 98 
16777 3 22616 9 12439 79 12274 99 20185 42 31168 96 21849 88 17852 35 22413 89 25510 50 
18648 24 13482 5 31570 12 16445 77 31692 89 4168 63 28431 4 6280 37 21605 34 11572 68 
20827 62 19681 40 27332 55 16804 87 20225 55 23926 92 5504 3 21980 63 6019 55 711 28 
17955 38 1208 85 8596 33 5673 79 13738 63 3113 85 16284 9 19014 23 24841 71 11695 89 
1080 51 13210 88 21924 35 24292 79 30392 5 8439 18 19927 83 18929 67 6047 92 17411 11 
7535 6 7702 47 13606 68 10677 34 28206 34 12327 66 4026 27 731 57 19531 2 27402 94 
20089 10 15511 64 752 11 4154 58 17337 52 26845 99 18619 83 18502 5 385 49 30455 16 
15421 90 850 21 15885 5 15361 47 12414 35 10645 24 2127 82 19309 69 18807 28 7130 78 
19560 45 8064 2 26774 66 1024 5 10291 34 4564 39 26941 2 30074 23 4027 99 9172 28 
11588 10 24015 88 16832 1 5955 98 31091 21 17690 22 3127 72 22197 2 8712 75 24203 43 
24774 34 11795 24 1847 78 26853 59 14668 59 21276 57 24997 55 24318 83 19542 79 15839 38 
24300 58 30786 23 4523 63 20802 3 3610 10 31024 16 5826 60 21374 89 7218 14 21467 47 
9030 68 13984 57 24745 79 6251 80 11673 93 12553 34 14826 23 13722 24 8014 19 9711 71 
14803 23 2359 32 27053 58 24027 10 8758 18 16550 51 27187 37 3881 66 12633 8 2398 20 
7952 85 13963 54 15990 48 4457 10 11175 100 16262 23 9788 14 22504 70 11537 67 31987 47 
1868 14 19853 8 24218 16 29055 84 20156 83 17694 23 3651 64 26668 57 5271 85 13305 68 
24894 39 23757 6 18523 32 17034 87 26741 63 13454 22 11642 42 11479 62 1284 80 18026 100 
10202 60 29429 12 7354 39 13235 28 22614 62 22928 99 7836 26 4238 53 2362 71 14951 42 
22370 86 23668 82 27338 26 9421 64 5624 9 19122 62 8124 44 20009 87 8190 80 23273 70 
6585 95 21111 39 30280 58 16783 91 17889 48 17605 40 26975 8 8300 61 2372 34 4023 39 
32254 11 3870 41 3433 57 9731 54 8598 29 29590 52 23755 12 758 67 11978 60 10905 2 
20310 92 31469 57 16884 1 63 51 18159 22 23517 18 23966 30 30839 30 15337 69 24011 26 
24330 52 26498 25 6545 25 25428 35 17067 91 23155 26 27299 45 2599 8 14505 1 20405 38 
21971 27 2950 10 2401 70 16261 16 27205 30 27849 58 18915 91 29812 70 15381 27 32731 4 
24690 38 13287 28 20688 69 13243 53 22791 80 13974 95 23544 31 13563 27 2510 76 28944 8 
19332 46 24133 44 1960 45 11317 91 9310 28 30929 10 27303 27 28091 96 12003 39 19696 57 
25237 70 12458 53 29543 3 645 24 7022 82 28128 5 1710 96 20870 52 29153 50 29838 79 
9844 86 639 24 30675 13 4792 41 9702 46 16143 24 18651 40 3513 69 10791 92 12906 29 
11975 29 27324 100 14028 48 31189 59 5654 37 1860 18 2656 7 25901 31 21117 16 422 32 
19168 64 1888 1 13154 56 29066 54 576 96 5874 12 26723 86 28782 73 27365 49 7802 80 
13776 8 29218 85 3113 17 32035 19 31021 88 27981 64 9946 84 14123 9 32177 83 21478 14 
29115 97 5735 14 8394 55 23484 95 9729 97 6845 41 18070 26 5871 12 23511 50 15016 83 
7787 49 23668 86 14043 74 29624 76 14161 18 149 73 25247 90 11023 86 25730 38 23919 31 
24360 71 24037 39 29169 55 11122 86 7539 32 8709 95 10432 15 10725 73 27627 58 30286 1 
9160 59 5983 84 13044 87 25396 85 29717 69 31311 64 355 67 27452 12 5480 91 14708 56 
26883 62 19331 100 12979 70 1126 58 11026 4 3127 60 15008 100 3084 91 13506 15 24860 10 
17419 46 2851 7 27577 61 23048 72 17027 63 7869 58 19090 28 25448 82 2765 30 28352 29 
19801 96 5817 70 10080 68 9827 89 11794 52 23311 67 31978 35 15541 27 28979 14 21906 75 
16074 29 3349 87 16933 62 10748 68 13204 75 16315 97 8135 70 2845 55 18833 59 557 71 
22763 89 6999 32 31548 34 4043 49 22744 32 7458 44 966 18 2628 95 17350 48 29577 55 
25490 54 8734 3 25445 75 29355 78 13498 28 3890 84 25430 2 59 62 20360 6 22830 88 
23984 8 1024 47 16126 86 28689 23 14204 86 10325 87 1359 9 5299 6 19770 9 27306 76 
12387 37 4410 97 28506 47 31746 49 15959 43 16806 17 11971 14 29043 29 20986 26 27718 7 
31056 24 17577 7 14162 21 27200 23 1614 21 9316 96 14357 41 8205 42 4863 28 5365 28 
16432 9 17914 36 28442 7 24772 2 21059 60 169 34 22856 90 22733 7 19491 67 18830 65 
11177 40 25887 55 31574 28 10098 34 22605 2 25948 8 411 96 14068 28 13756 57 24892 57 
2400 10 771 21 7023 32 2313 80 19018 53 11621 97 20052 44 1572 48 23985 22 26419 85 
15693 71 7039 36 25376 28 14682 74 3505 18 5665 91 29913 62 7451 71 30666 11 3493 98 
27727 57 25740 43 29526 63 29883 76 30379 75 29462 28 13318 88 31141 5 31048 65 17909 9 
30210 56 14011 75 17975 38 19643 81 6755 37 13032 68 8379 18 4557 50 5047 71 12843 79 
4558 40 13028 87 8832 90 22039 43 3226 95 10637 58 25014 61 3668 18 25345 57 25513 71 
9025 35 22812 11 2582 75 11246 22 7295 30 21438 4 11937 35 25188 77 25284 23 6942 89 
6559 43 1258 72 14293 28 31794 75 25791 3 1966 16 9836 82 29831 14 32486 34 32184 57 
28343 47 698 8 172 45 4448 71 17113 57 18176 19 20701 59 19667 92 21352 76 29598 3 
6394 91 12946 85 11245 100 3441 46 2485 34 9715 4 24423 78 31848 54 28536 18 9118 33 
1223 38 27653 54 5854 100 18961 82 885 35 31712 70 312 71 12829 69 12235 63 16420 10 
26890 7 5991 10 14229 63 4624 79 5772 71 20712 46 24215 100 12407 54 1066 19 6509 29 
2823 20 12352 83 21252 26 10263 16 8718 26 15591 87 3950 25 6363 73 13387 57 10490 26 
17776 50 9476 22 31312 17 20124 50 25927 30 11180 82 8483 59 16390 54 30691 68 2631 100 
26303 92 18433 33 9064 88 17689 17 1680 30 14957 48 32685 69 32698 30 30202 23 5310 19 
15039 87 17817 8 28883 32 28281 77 3423 77 8822 83 21988 83 14779 39 32640 96 2791 59 
21357 69 21427 37 31946 7 5332 62 25502 61 25891 41 14618 73 32763 36 6430 31 4834 41 
25855 66 3692 53 15240 34 32349 42 12862 13 11534 39 13288 75 5650 24 10319 7 27672 33 
18755 55 13843 71 18654 99 18329 17 11533 100 6281 21 1099 41 16369 87 22448 61 5679 49 
32299 40 16982 16 13580 66 14035 17 8645 47 24912 84 8433 17 4568 37 1685 83 23868 24 
13222 32 32438 59 9420 15 31949 89 24166 64 5496 13 22990 3 13702 14 22494 75 32573 30 
15539 34 9282 78 22704 35 5817 12 17094 36 21932 24 10227 65 22705 71 13321 96 24263 50 
30641 27 9346 21 28591 99 17768 43 4456 82 19610 16 161 12 14519 36 21129 85 30461 40 
506 70 6577 42 30972 24 19905 50 21387 25 21417 18 16282 46 32659 6 7767 25 1218 37 
19121 56 4144 74 10519 53 30326 38 25731 55 30957 36 31928 29 26131 22 2504 82 6448 28 
22744 72 7481 71 17959 37 30452 72 30797 39 23133 88 24769 71 20297 2 9630 29 2377 83 
22695 49 30417 93 8072 89 19353 35 12639 25 2628 44 19834 47 20800 2 3938 92 28397 98 
17433 67 257 81 9377 61 9003 12 6589 80 28918 67 27900 56 24305 10 2802 26 12045 78 
15049 91 1094 47 28409 84 22917 70 4947 60 24517 36 31812 67 1909 87 23384 100 14622 21 
23805 74 326 39 21386 10 13204 28 4991 48 18741 66 25870 30 32381 88 11995 89 29650 85 
15873 99 21958 47 20309 97 20611 39 15854 18 21100 53 31461 15 25089 7 12889 28 2819 27 
16822 27 9945 80 25399 80 1075 96 12970 61 12781 83 28532 18 28982 31 8148 80 4849 57 
31084 21 17499 7 13053 71 3823 70 9074 15 3975 94 21024 3 10435 16 23628 88 13486 6 
21485 4 31135 25 31668 10 26206 63 1098 35 22920 20 11993 3 30773 88 30925 43 22487 81 
13532 49 32614 89 13635 81 954 100 27475 21 17208 63 8237 81 1200 95 10954 13 32134 92 
18238 20 784 97 29501 3 27456 43 29662 97 24707 56 26783 32 11496 17 4009 63 16517 79 
8022 61 30487 15 22769 30 24808 68 14525 21 4854 74 26424 86 16977 15 20384 77 11973 57 
32695 98 8377 30 13508 74 32343 86 14810 19 15341 59 31580 39 11155 85 29633 78 28687 9 
21909 69 5877 72 5824 17 7699 91 16651 97 26635 93 11232 11 25666 63 849 9 28153 47 
16477 83 9914 69 30318 99 20470 6 6693 89 26604 41 9562 44 3532 54 15455 33 28957 33 
14469 83 20572 52 15330 99 19174 40 12881 80 2584 25 25529 89 1460 28 31635 5 26502 81 
10662 27 21064 77 16405 52 4036 1 29340 82 27192 40 6935 71 13566 41 10052 21 18540 5 
5065 15 29946 16 6265 3 12706 81 27091 33 2445 91 13259 21 3307 88 12750 44 18723 97 
2048 81 3116 32 16840 13 30522 78 6542 43 9374 21 28099 90 25831 59 1826 91 22350 27 
5174 75 24913 55 32285 29 18845 35 31371 20 31281 1 32530 76 11713 58 31136 77 3160 52 
29257 88 31554 81 31302 65 9257 34 3134 16 30590 27 16837 76 11803 66 547 12 3622 70 
3670 96 30520 46 3674 80 31166 22 935 79 32160 61 17660 83 15393 28 26459 12 4359 94 
14420 74 26363 29 11655 90 17202 59 28005 94 13389 68 21814 40 10366 40 8288 41 28397 15 
5350 84 26714 77 22831 86 11011 71 22281 91 7624 67 20461 93 20109 72 1669 58 2016 76 
8555 100 27099 30 11060 32 2636 93 21421 36 24596 26 22116 74 32205 43 10858 20 24496 1 
24408 38 20661 52 19344 100 11003 20 28613 37 30571 98 13246 20 12441 79 24662 68 11498 32 
31432 75 29692 95 25897 11 834 12 26678 41 17903 7 2640 77 17430 94 22469 58 19727 94 
81 29 8476 15 28133 76 24140 96 14502 29 13472 83 7225 68 9581 20 21054 73 20993 12 
30234 5 7561 97 22010 76 9779 40 21781 56 22927 38 17201 56 10299 59 19816 86 7359 52 
27692 41 22966 83 29321 22 17199 28 8874 58 22354 10 27551 96 31303 38 13405 56 14675 47 
22534 19 18756 55 14187 52 17424 97 976 8 27065 44 9967 81 26739 7 27711 76 28681 97 
20341 72 5245 78 5195 71 17391 55 2945 83 21439 79 10530 71 26870 38 20489 3 16354 10 
30371 57 5889 92 2295 78 16673 40 11235 40 8900 100 17832 45 7881 34 28585 44 13897 95 
13679 10 24512 39 17649 32 22893 71 29714 8 31483 82 16236 53 19040 71 9804 70 22534 41 
2045 17 9768 64 26186 48 8064 63 12606 68 24863 31 46 2 23452 39 23546 27 3952 25 
32399 82 26785 72 11184 11 32158 81 1783 51 13674 7 2838 43 6397 10 1635 72 21480 100 
16532 92 10295 26 11718 41 22939 100 21189 38 21449 100 16007 27 4125 80 15609 49 32387 83 
9983 91 30103 45 29621 90 28171 13 28412 91 3401 10 14642 98 17242 33 29760 57 7 46 
16858 22 17214 17 30466 54 3255 15 10446 46 28374 25 30316 80 18644 68 13411 58 27674 42 
23835 60 12525 40 27296 67 15952 96 32163 97 2342 44 30146 28 20120 24 24329 59 3510 89 
22712 50 17505 78 22854 89 29544 96 29607 83 11761 20 459 47 14363 8 22631 12 30945 50 
26615 89 17218 3 28420 6 15006 56 8610 86 22116 25 27198 73 18666 7 10134 69 19868 24 
3081 29 8793 64 529 8 12314 38 14862 12 9941 20 17733 44 4257 3 25128 6 8218 6 
24024 99 15879 20 12008 96 6714 32 11620 90 17336 53 3089 64 3098 78 30455 43 14899 31 
31517 10 20467 21 7060 56 26507 99 14262 11 27602 25 9904 38 12264 41 11326 25 10777 64 
10934 71 22020 26 13896 52 508 25 28036 37 2990 27 15132 84 20484 94 25836 100 21066 87 
3127 33 24208 90 820 95 11087 33 7113 73 15951 71 21398 44 6343 92 309 21 28359 26 
26304 88 28115 5 19860 9 22224 70 3925 100 28453 72 12339 51 3354 33 28267 47 17283 80 
27408 80 28835 14 20491 25 13387 74 5985 36 4418 92 22452 13 15849 22 14861 61 26655 2 
31960 96 28771 30 10288 79 24632 9 22365 48 8142 41 15259 87 11998 41 15389 78 25814 5 
22354 23 31798 24 10599 77 27962 37 15373 44 23481 69 892 44 7245 12 11448 60 5300 98 
8467 3 31606 80 25331 68 15048 27 10197 83 31409 56 21394 44 5739 49 14561 90 268 87 
17182 66 23910 40 27978 17 19755 11 10834 70 15189 5 8852 1 9668 39 27295 61 10793 1 
5946 5 23076 5 21161 89 6825 48 22315 49 4776 84 29383 99 27885 43 30792 65 28997 58 
16775 85 14562 58 9960 44 512 27 4135 68 26313 55 597 18 31606 37 20253 52 6072 29 
18764 35 20310 75 8849 11 24087 93 22144 93 2786 94 18141 46 17956 76 27928 54 1906 71 
17684 63 11888 63 21804 51 27377 14 30584 55 28767 55 18508 71 30814 52 24066 74 22700 31 
11770 54 12363 99 17118 59 28643 68 10283 30 16738 60 12013 13 4837 32 28618 81 18651 36 
11841 56 23399 14 308 32 25351 48 25764 20 22644 88 6333 78 3017 92 29202 29 5862 2 
32553 87 20247 65 10042 18 31217 20 9780 30 18813 78 2561 42 25497 87 5387 80 30874 67 
10751 86 11574 21 9425 83 23458 37 17664 28 28663 33 3355 27 25562 96 15236 46 7516 12 
16500 76 13599 21 21823 1 26555 42 6361 86 13919 24 21913 70 31420 9 21566 67 29214 3 
24624 61 988 77 24840 65 18163 1 11601 28 2798 15 31376 73 26633 89 3715 85 6805 71 
5543 74 11678 4 17148 38 14540 89 7436 80 13703 98 7210 62 12126 39 32248 97 21418 73 
29228 98 9326 30 1171 59 21122 77 26710 46 753 92 2172 80 927 34 432 52 13103 21 
26948 80 8227 73 1399 65 9029 15 23283 3 31046 8 13210 51 8102 44 642 89 30931 89 
18750 36 31637 80 25184 60 29097 51 21819 78 2477 24 5870 17 16444 53 23710 72 25689 92 
25346 43 15121 77 20261 84 1628 6 3175 99 29509 70 19397 3 13130 33 2139 50 17670 63 
13607 42 12301 70 30736 82 14360 34 5671 49 19298 79 29996 29 12369 61 22100 23 13913 83 
11849 8 28190 72 15987 31 11480 7 21366 66 24316 85 19708 74 28185 97 21172 87 15871 23 
23195 59 1319 11 25722 21 1103 80 3759 65 24933 40 26673 50 10662 86 9167 100 16135 16 
4280 12 13524 42 31808 33 24471 90 24801 56 7227 32 1664 1 4721 81 30706 27 30291 92 
29119 66 3399 61 11814 8 31271 13 12897 59 5279 93 298 36 20438 29 22141 78 29776 100 
20640 65 12563 14 10849 37 18440 37 27295 4 22949 32 11531 55 5065 53 26672 82 18407 61 
21681 82 11367 5 22994 71 19785 19 9018 67 28684 29 17400 2 28366 97 2755 30 20148 18 
27526 26 5516 10 8732 86 8881 52 29271 20 3887 40 10568 18 22824 65 17338 63 24183 23 
24064 23 27282 5 20721 7 23477 16 8240 72 9021 20 7601 82 9554 7 26232 16 15304 80 
7332 51 24647 9 685 44 16810 52 23530 9 18598 94 13910 70 20396 49 403 36 4624 44 
5935 59 5738 1 6183 9 6205 78 17321 2 13526 19 11038 21 24439 62 26472 66 24757 64 
13160 90 25887 91 4036 60 24352 37 21479 90 16423 32 20553 47 19716 2 26096 93 4502 87 
14135 31 14243 73 21966 59 17671 68 4610 94 1297 57 20286 64 8490 83 466 17 11447 68 
14836 91 10305 69 24580 28 16339 94 1557 4 18596 40 29352 54 16886 39 18618 74 23870 38 
28930 3 20869 80 10356 77 32270 10 22537 58 8249 67 6594 4 8359 19 3819 59 15263 2 
27549 61 2225 47 23430 93 9625 68 9196 60 2150 21 9968 97 15579 5 11280 20 4373 19 
4592 1 30062 81 19802 82 5026 53 22915 94 24880 77 32144 27 12547 92 2904 31 2130 5 
31596 90 15045 76 2645 47 4569 91 15132 68 901 67 25360 31 15390 19 8899 91 32632 15 
28758 22 9550 57 5878 56 13539 36 20391 52 25578 18 22336 57 31907 36 9655 27 28488 27 
10911 11 4775 17 13039 65 22544 72 23557 45 30321 26 14315 32 20672 10 1752 43 7065 11 
10746 3 1577 30 13170 100 27210 72 14241 72 18415 88 17314 56 4035 6 7447 49 269 65 
12073 74 7895 10 18634 38 79 89 4157 36 109 92 20441 34 4310 90 10 6 13313 65 
12952 82 25240 7 17196 91 24609 77 28944 33 17117 6 17974 60 13040 2 28540 29 9411 42 
27182 99 4775 27 10956 92 31163 5 8462 81 7695 35 15654 93 23049 11 23109 52 32008 15 
12896 95 32072 62 16180 98 262 75 11400 54 740 36 16306 8 5518 70 22620 90 2718 4 
28296 76 189 9 12754 5 7435 14 11765 59 29634 48 6289 81 25622 61 11308 96 27487 45 
13430 96 13177 100 12241 91 24683 50 10768 70 24904 42 13439 95 18515 56 7972 82 28262 21 
22341 48 26005 71 3883 69 32526 85 4901 50 26691 99 28623 2 9036 85 19859 92 24198 38 
9585 13 28545 96 13052 22 29977 19 18341 57 25826 62 25404 3 1994 60 13748 69 10745 39 
28199 67 508 1 31513 54 4899 32 8193 35 3879 44 1030 91 31504 2 7686 88 6998 47 
8668 24 27463 25 21219 89 9128 97 24502 24 5279 22 11066 74 22225 20 9951 31 6087 41 
8738 29 1430 84 13143 17 7615 19 7589 80 25428 63 22610 48 16476 21 6976 56 5753 67 
5304 74 17096 20 11367 76 6409 68 30630 77 6656 67 17151 28 26906 51 21740 61 17748 28 
19937 91 2393 32 18829 90 30442 83 9566 33 20867 33 4163 59 3132 45 18357 94 3821 28 
9720 72 22165 90 26014 73 29949 77 15950 32 13208 72 16067 70 23982 57 2071 8 30137 38 
20034 37 23056 65 16862 19 7362 34 18221 68 4805 93 7772 56 24144 16 24841 85 30853 1 
30980 35 32339 48 29778 13 17563 87 23160 64 30609 35 26358 26 18790 3 19729 58 29732 79 
26837 18 4825 94 347 41 5623 38 72 98 22267 4 17046 73 3917 11 26263 64 13927 6 
15158 80 2874 82 13441 14 19661 68 2404 80 26152 31 24247 12 4464 72 9084 31 13907 11 
609 2 1959 73 3213 49 9293 6 408 84 16220 41 22747 82 4987 74 28651 59 9615 84 
608 89 6807 30 20187 71 9427 75 3399 2 19500 40 6750 96 5584 69 31855 33 20253 37 
9567 15 32704 93 5615 93 18206 36 17980 39 10483 46 30604 85 3384 42 21319 25 30539 22 
31556 27 14410 28 28486 95 8383 27 27591 60 30083 63 9716 83 11228 69 2296 33 12521 43 
22653 45 16448 62 23664 69 3541 89 31237 60 18206 41 24060 40 12148 65 7202 1 23485 24 
26650 62 20808 100 19293 94 3064 18 31872 89 12197 31 15286 49 26815 46 22677 7 16436 15 
17693 38 26260 69 23030 14 14964 99 12281 61 3600 76 13042 38 28724 93 20900 6 31836 96 
28430 83 30234 30 30957 7 13240 16 18306 33 7198 93 10901 77 15351 82 18362 18 13840 36 
11731 71 4864 6 16854 54 13326 6 26833 21 27983 34 4907 66 2831 22 3372 59 18034 100 
14527 41 27995 14 5239 4 16781 95 13265 86 21265 37 3257 47 22999 47 15951 74 21152 95 
13546 97 25370 32 20317 22 18765 47 27002 24 23095 67 28629 97 21427 100 24779 31 1440 69 
24258 52 5694 88 14257 13 26075 70 1508 92 21936 38 19961 1 30214 39 15919 100 24477 6 
29408 73 15437 92 25675 27 17134 56 24983 85 10870 100 15637 14 22625 69 3526 17 20054 20 
10781 37 6919 10 16389 53 21081 39 11814 50 20677 87 612 23 19965 24 16809 29 723 16 
23781 44 26199 59 30547 6 17984 80 25085 83 16014 16 28802 69 21613 1 2839 53 14427 55 
8652 85 29581 1 25873 43 1167 87 26488 26 12076 4 3260 67 909 94 27139 91 24741 43 
31584 19 30156 87 21148 48 1961 31 9014 85 31830 56 20392 53 29375 21 23532 13 26955 44 
26943 46 14271 31 7973 94 24671 90 9645 65 31830 45 5366 85 18263 100 32242 67 3717 77 
28778 81 1680 81 8770 99 19745 6 7167 69 6521 100 3718 12 24661 6 13862 81 28436 75 
28377 56 16923 88 24007 86 6777 96 21516 48 5831 71 20155 57 21330 79 14371 1 21885 77 
20049 56 18016 34 21206 82 16565 53 26570 36 13813 84 15888 24 11966 5 30940 76 27256 59 
27251 48 8760 4 3634 73 29412 70 25554 37 12953 73 4074 4 13641 31 26037 79 17577 27 
15894 80 20298 58 16345 97 4869 83 32060 29 18077 76 2734 24 1696 57 29398 45 2446 49 
11223 81 24381 95 29139 59 16252 19 10926 23 11255 36 14100 15 26971 12 21693 67 5050 66 
30191 63 21040 44 12869 27 28103 34 13488 33 20376 21 19131 43 10803 66 30995 83 21057 97 
14662 3 2664 50 17611 26 18031 71 4419 58 10659 24 25086 48 17529 2 4801 12 21876 98 
32710 14 4425 61 12037 29 13890 35 7858 18 28384 73 23815 1 18372 22 19779 18 15567 99 
15859 26 8585 83 13424 34 26815 27 4521 33 3953 1 29730 14 12011 86 31549 45 31281 6 
20409 91 10912 28 5496 6 8147 3 10885 73 14020 31 22357 27 7219 91 21581 55 7756 39 
18565 37 16772 56 9676 75 7364 55 1516 30 16585 6 27951 9 11979 86 5665 34 8796 98 
10904 89 12948 79 3570 82 3691 57 7326 62 22630 60 1246 44 25974 27 7370 19 25373 33 
22937 88 10450 56 19484 30 14503 42 18059 34 13097 38 3972 16 17031 32 18001 45 16631 45 
23658 51 7766 61 18490 2 18702 41 21798 56 7741 59 13516 55 9492 99 13704 25 6525 1 
16957 56 2560 73 3922 52 3303 46 6394 2 20640 78 22201 2 2916 48 18468 27 3606 79 
16104 5 32366 14 2573 99 31830 68 26236 18 13972 71 22719 46 12970 83 21513 75 19450 56 
21110 35 11822 100 17043 79 20183 34 28193 63 10836 80 15894 37 18422 50 32741 88 18786 23 
4095 77 2358 39 3482 50 3311 69 31665 15 19978 35 29516 66 7785 17 19201 94 11257 42 
22459 58 26514 41 10938 6 21278 62 28891 22 31486 43 22298 90 7849 97 6229 82 19606 55 
6227 83 30045 67 12292 5 14873 86 3850 7 31248 1 22137 56 25494 17 20699 47 3118 87 
27512 33 21491 68 21716 57 6198 10 25720 53 31081 92 12277 71 14395 71 28967 6 28165 94 
8631 94 9317 14 28643 69 4136 85 28802 44 29550 64 12866 53 27400 63 5685 30 11045 86 
4492 70 28462 53 15522 87 8430 11 21308 80 31478 15 2575 15 10816 90 23938 37 13074 81 
15798 97 7461 78 15299 11 11015 12 7237 10 8382 4 29464 79 23982 33 11359 91 19901 56 
9931 39 30132 81 17178 42 7912 49 3293 73 26139 96 24703 22 12701 52 12931 69 21174 94 
23565 43 22089 53 4260 19 18609 89 24886 23 28911 86 28764 30 18183 49 15328 100 10663 82 
8061 79 5898 47 29925 83 27932 83 29961 88 29919 78 16020 62 15629 60 9656 30 2047 65 
12590 3 20685 48 26744 95 11191 67 22378 59 1475 85 27368 33 1960 41 2801 28 8171 10 
5597 97 30792 24 8418 12 23123 98 8669 52 18271 96 26191 71 18335 71 31654 13 13451 2 
27839 9 645 67 30888 69 19901 11 9898 85 11858 46 23431 54 6074 11 21504 23 18275 6 
10394 57 1690 42 16034 80 17325 86 19055 93 17996 19 18151 52 821 8 1605 29 21265 8 
16409 99 4248 43 16527 17 25084 47 7413 5 12677 69 4472 81 6520 88 27694 100 18238 98 
10586 73 6594 69 9451 42 32539 95 1349 79 21867 81 17220 64 21255 28 29566 9 14808 65 
13513 52 23041 79 26622 28 10177 74 5372 80 26779 23 8431 94 15285 29 14802 77 383 21 
6962 57 26260 97 4149 89 5605 34 22236 21 22036 17 18565 74 5662 35 27572 31 11581 31 
21266 25 21005 48 28086 28 3309 30 11428 43 10664 58 8595 30 27733 85 31476 99 3451 68 
303 7 16761 18 31024 62 20261 6 4130 92 31156 48 13434 13 16858 33 56 47 16945 65 
6249 39 10975 13 9713 98 8308 29 19335 100 529 15 15617 54 23247 1 23506 56 606 75 
31953 44 12525 73 15164 78 2634 15 31996 56 25675 14 3114 13 19564 2 27091 93 4281 36 
15864 18 20463 63 2265 50 21726 61 31092 11 16657 27 3400 52 19121 73 23902 34 4519 70 
15498 21 20481 16 2799 29 27031 50 25281 15 7918 39 591 56 26460 7 5952 79 13933 15 
20252 33 12422 89 20751 78 4808 44 1258 11 21047 81 19307 12 13852 99 3006 31 29096 89 
14915 24 217 93 15506 1 19618 19 20157 25 23110 2 19925 9 2565 98 2991 56 10490 3 
4071 20 23108 41 27174 27 7012 53 31137 83 26598 22 19938 20 16452 79 1227 91 6151 76 
18904 72 28463 91 23204 75 6869 62 13487 44 271 26 20574 89 19476 46 3395 36 22688 51 
13215 29 25498 30 12069 95 15093 33 26369 45 30164 98 22297 68 30705 2 20115 84 17471 96 
30615 40 25294 12 3158 62 24047 67 23883 34 6810 64 3264 61 4108 64 9109 77 8884 18 
25405 95 9808 8 30985 62 19284 82 30377 2 31627 57 13296 35 27136 18 32215 62 23071 52 
14021 53 25112 14 19469 87 11396 53 9400 58 32075 50 28038 25 32197 75 26159 32 5151 68 
5102 78 18945 8 32064 21 1645 91 21226 100 7915 54 10809 20 995 85 11405 99 3146 97 
24601 99 9344 74 28132 35 25721 38 2323 91 20764 87 23403 12 19688 90 6930 58 31709 68 
11669 97 7834 33 31791 1 10435 50 23881 70 5797 71 14141 22 17949 22 16479 73 22197 10 
62 52 21777 24 30247 53 13706 78 2283 65 25112 45 9186 26 24437 56 9520 55 19839 73 
327 54 18143 55 16302 17 25576 17 13568 67 25793 15 7735 89 18119 22 298 27 18733 61 
30293 4 9445 41 16345 75 31684 68 20931 74 17121 73 12177 25 11326 11 17139 6 21418 76 
4046 34 13029 80 27014 48 8454 14 3453 16 24858 62 18135 27 1038 64 32641 48 8655 48 
25201 50 11695 31 29487 33 27147 96 16020 43 16170 66 2257 96 31081 42 7348 67 12949 56 
8231 14 27289 18 4602 52 4953 15 21730 97 5085 53 27585 75 1714 46 19239 16 14221 85 
25625 14 9266 88 19474 34 1172 44 9800 56 7742 95 12848 63 26353 69 9028 68 14991 54 
9732 59 10295 83 13883 6 6834 79 10883 24 24590 20 6411 73 21640 58 31128 41 13488 2 
10442 86 23239 3 12449 57 27500 30 31295 27 13688 60 19696 80 18726 5 15975 97 2679 13 
30795 91 17108 21 30450 71 30197 87 9580 55 32259 10 31427 96 13049 42 31873 70 8528 22 
19059 77 5083 6 6061 98 29936 99 13518 37 19144 89 3973 100 21288 13 19284 56 577 75 
22420 38 26838 98 9914 56 17820 65 27352 93 17894 76 31591 3 14721 88 18499 23 15837 18 
32247 47 9326 39 16187 15 6226 31 6075 12 18228 16 3098 92 4464 6 27447 37 1400 15 
17583 98 10870 61 10403 19 24115 92 5307 57 18999 54 12906 77 13362 50 19060 84 11674 81 
4526 87 26262 55 13061 43 10267 47 15042 7 14676 25 18189 73 13384 56 8623 75 3511 97 
10012 43 21572 74 7856 13 27354 34 26681 34 16968 44 8886 93 22062 3 12382 58 28957 41 
15332 66 31738 22 8954 22 23715 78 27156 13 10197 69 7534 76 10830 51 17232 73 3374 97 
17297 48 6563 43 26714 78 24517 17 23596 24 17599 83 18724 82 15408 84 32126 65 12497 87 
14681 15 24663 69 2489 70 11931 69 21714 71 13304 65 31620 15 2804 71 13346 86 8483 24 
631 79 3913 41 28939 20 15551 87 28578 70 21016 14 31494 92 16131 44 29190 84 22387 15 
15295 90 19454 54 8986 80 387 35 2966 93 3088 30 25416 38 20739 93 30240 42 5231 93 
1645 21 30145 67 20131 19 8099 35 20572 58 12064 17 5278 9 5641 73 16732 3 31896 41 
10303 11 26196 7 12966 69 7732 85 20203 81 11783 19 17128 18 25875 59 1977 6 12797 5 
4804 52 21481 48 12279 10 9953 89 20817 88 3963 9 30628 81 18870 13 6297 20 7974 41 
9716 65 18513 16 6681 10 32088 78 11727 28 31194 11 6981 38 30741 84 4691 4 26446 91 
16897 96 24947 64 6989 9 9216 29 12585 23 4127 94 22980 55 30227 45 29962 27 12246 88 
31854 25 20225 60 16359 72 25069 8 29752 67 5144 59 30325 61 11722 38 26819 69 14072 33 
3167 58 16744 15 31970 45 7702 37 12483 82 471 55 25373 1 23868 93 19122 59 27577 13 
16945 43 15878 96 17844 8 17350 70 27021 99 6247 53 11842 22 5961 81 21974 29 31522 6 
7754 72 3233 90 1380 96 9297 66 31151 53 961 98 7363 40 18914 67 31430 38 1712 41 
23347 37 12820 45 3802 57 2569 48 24361 62 7167 92 681 8 32124 11 15051 14 30729 98 
32485 55 11340 4 22648 34 28786 87 21684 38 28112 70 12094 53 16841 20 6704 24 9714 7 
18274 3 25460 92 5864 49 5554 75 3803 23 44 62 93 18 31651 42 32215 97 15999 33 
1669 75 1133 54 2869 49 22860 82 12363 68 2890 59 28937 74 2122 62 2061 5 10890 81 
16667 60 14466 89 6173 8 7183 70 18792 2 5328 40 14145 99 27088 92 18592 60 24166 24 
9524 79 28250 11 29350 98 5449 13 30498 67 9547 65 17684 55 28882 36 21551 42 19414 13 
11188 51 10287 97 497 77 20802 29 29960 86 2783 98 16625 31 5994 80 5826 95 26937 82 
31022 74 830 45 16972 45 19686 82 13978 85 23872 41 18754 85 354 20 30108 57 521 49 
20979 59 27775 11 16268 78 25282 22 23524 17 14050 28 5946 52 21931 70 5197 27 17540 64 
13671 52 13975 30 31386 37 32050 12 5450 34 22381 7 21740 43 25870 28 20748 30 16553 100 
29845 84 1292 36 20045 36 16858 3 19103 31 9077 42 15005 70 21025 31 19525 41 19559 38 
22531 90 16568 67 10104 2 10835 40 6522 38 13673 82 18268 80 11902 46 3951 14 274 46 
10440 55 2433 67 9284 53 15912 1 32458 67 29641 17 10448 52 16688 3 10017 100 17943 92 
12509 6 22856 81 28353 53 25089 89 16296 90 24732 71 9810 93 27247 16 17509 28 7410 72 
1713 78 19487 58 26296 65 28703 93 25966 97 5666 55 9021 17 22671 17 14668 87 8797 89 
14337 48 16832 99 28357 75 3593 20 24839 39 9415 46 3203 73 563 64 25796 55 30923 57 
10215 53 19516 90 28835 9 29573 13 10630 62 18010 59 17793 89 6598 50 24999 24 4117 36 
13362 42 8177 74 27847 18 5835 60 27131 95 6781 88 26645 96 28205 17 3349 29 32372 70 
30198 26 30911 3 10545 63 29174 55 4738 36 24668 43 27630 49 27831 6 14341 8 24240 93 
12645 45 10364 21 21375 51 21948 11 24734 45 24994 95 2341 92 14422 80 6167 35 26520 19 
18653 67 17062 82 10820 80 32096 71 12998 3 682 4 27146 77 2578 97 19374 40 12467 37 
18243 37 6488 1 409 2 22501 43 15165 85 11251 21 65 73 20155 80 1339 75 22581 68 
21904 99 32641 57 14067 48 14981 32 26152 21 216 54 4366 2 13790 44 12764 34 32309 67 
12203 78 1104 46 26677 78 28770 54 1756 22 6014 74 19694 88 9724 71 12071 60 18718 81 
27767 48 7156 75 518 18 23420 87 8310 30 9742 53 1640 92 18935 22 25665 2 26469 84 
11566 25 27011 72 31077 30 6884 27 23982 35 22821 9 23586 11 11214 39 21043 82 17018 30 
2029 100 7736 89 17532 89 27184 48 3053 1 18314 1 27193 37 4235 83 28543 81 22273 92 
16785 7 8674 19 26290 60 11824 75 11678 3 14111 19 22219 51 2426 58 25327 12 26179 64 
10946 59 30874 30 9221 92 25311 38 30659 33 10011 59 19927 30 28316 24 29102 17 29920 2 
13390 39 6581 35 12183 86 24221 29 20169 52 21367 87 16455 28 13916 86 13467 8 19144 43 
3769 7 11258 43 27016 35 7837 39 5790 65 9639 65 31307 67 24194 41 26842 79 26730 65 
26899 51 23318 5 5 60 4250 74 27138 15 18060 7 25834 57 23141 21 28589 38 9515 61 
8971 20 14925 96 1950 12 3535 31 3355 1 17830 86 1749 68 14950 49 20866 4 27418 89 
1602 99 26739 84 24285 36 31526 57 12108 70 2447 54 6268 66 154 22 22606 77 17379 45 
23266 88 26908 2 28949 7 17072 20 20552 6 32165 88 16228 86 22215 34 5402 33 11011 38 
27504 81 26385 93 11385 83 6742 56 23651 85 12552 64 17592 8 6547 79 25821 56 22843 98 
19423 84 21507 79 16238 94 19406 88 21546 62 23237 77 23326 98 27896 91 18570 51 32072 5 
30694 42 6532 8 28963 29 29138 41 4916 87 30545 66 18381 16 19964 97 9323 82 5586 23 
7316 77 20276 77 10592 33 24206 71 2616 18 29497 34 734 99 21920 72 15021 51 24738 5 
8483 52 10808 84 31644 80 8024 66 96 94 5913 18 8928 56 8471 67 30013 46 4889 62 
17162 60 6641 95 18771 92 20900 56 12254 38 10443 43 10160 19 4921 17 21203 55 20446 72 
22871 58 17899 30 20375 53 15671 62 20926 82 30178 99 30857 21 25400 99 2894 73 3544 6 
4925 90 24853 50 13286 40 26524 5 27899 16 15191 52 10583 81 11410 55 16192 11 25693 39 
17897 31 1585 27 25659 45 5334 14 31957 5 7811 67 23378 36 29768 15 18122 79 28841 63 
7579 41 4492 5 24169 89 26965 28 16995 78 11087 29 19656 34 22350 98 29610 41 18578 1 
17907 75 11247 66 12965 70 8491 81 21862 20 2984 12 27707 37 22082 17 23188 22 11899 62 
23945 66 31446 57 21859 15 4224 35 18526 15 27701 44 685 12 29282 65 30655 89 31367 17 
18625 28 10720 47 5220 76 24900 68 29664 34 16973 72 18745 51 4025 67 17088 47 27920 2 
14302 41 16775 14 17165 29 16933 36 15655 86 26404 14 32227 81 20634 69 1436 98 24153 59 
29781 98 32531 19 29179 77 31426 66 27625 48 15430 76 19378 89 24144 76 2842 22 32640 60 
18789 88 8650 89 17877 77 6430 57 25454 43 19784 50 6652 34 21269 66 30807 52 8375 47 
7142 24 24938 1 16738 65 11352 53 21212 3 8890 21 5890 82 14657 81 26014 90 12468 60 
1375 11 474 92 5852 78 16538 90 12502 84 14945 29 4541 25 21444 32 2678 71 26983 22 
1628 33 14365 78 21637 98 4176 23 5702 50 22692 70 30457 42 9175 26 4349 15 24044 34 
9215 13 21640 21 120 89 7836 30 19575 45 10052 55 1441 86 24559 68 25718 87 24001 3 
1238 64 26165 50 30659 69 12039 83 8808 43 21841 55 3674 79 20468 59 3871 63 24889 63 
24813 18 19384 43 9395 56 20089 30 23902 40 11354 64 21077 91 17072 41 31557 58 29489 84 
22820 16 25874 81 24688 19 24940 29 22712 15 20196 42 21854 26 4235 38 11163 81 19459 13 
2499 43 23268 43 5067 5 27485 22 10504 78 5151 44 14137 28 24438 47 16072 35 4537 50 
27725 24 12005 15 27476 1 901 50 22112 87 13525 41 26672 51 7206 67 21056 29 29060 46 
23699 26 2455 32 12976 29 10951 62 491 64 15779 92 19685 56 23684 7 6230 7 1645 40 
21770 76 31030 9 11050 80 30442 53 2749 67 31341 40 9582 32 8034 8 13712 14 16715 77 
13919 43 5618 52 29065 90 18185 82 1517 8 20237 67 19362 38 7536 53 14651 50 17910 9 
11849 39 16224 41 18210 62 30024 91 7649 62 12620 49 7342 35 8046 13 17728 54 29115 79 
4511 32 26411 77 21039 40 14793 54 11498 9 14355 66 8685 49 3492 89 14646 75 32528 89 
15788 35 7440 77 10591 75 13023 24 10002 92 29667 43 19703 43 11408 74 29881 38 31370 28 
21695 73 20489 80 16048 49 18050 35 10034 66 1156 3 23288 8 15072 98 1275 61 32012 48 
27143 96 30921 61 32122 65 20740 87 13129 96 8186 2 13123 23 25760 32 20890 71 24386 67 
28831 29 8554 53 12237 41 21763 60 3081 56 32446 46 21800 11 16309 26 7346 94 23119 31 
485 98 32355 41 32509 73 8352 58 7091 68 24876 51 10500 91 17803 23 27187 74 18883 14 
20241 24 3261 34 9084 91 7151 6 22566 87 8760 20 18584 44 32267 52 8822 100 720 85 
20996 2 27015 56 6121 40 13487 15 11315 63 2918 89 4764 92 20433 83 1035 77 29886 76 
4446 2 22152 83 25447 82 6971 84 15412 53 24057 66 7572 22 10653 97 14550 36 1693 92 
3028 16 8245 52 20273 22 17602 57 6622 58 17772 84 24035 61 30983 47 8796 8 26171 25 
7873 70 22755 9 7019 25 26292 24 15188 99 10015 72 4895 54 8824 12 12632 73 15447 45 
31740 4 7487 56 1852 86 24445 89 18814 34 851 2 20645 65 28246 13 23698 89 31253 97 
746 85 22011 32 16410 79 16503 84 6553 5 23385 91 13677 37 8064 17 2801 99 13234 52 
4309 56 10955 19 3174 8 27930 70 26128 44 20744 17 10017 14 9978 39 1231 44 15481 25 
7293 75 6801 30 17722 91 886 74 6795 19 29550 62 9322 51 10474 54 16526 45 30710 25 
12525 96 27860 92 29568 6 484 49 18246 86 27848 66 651 73 18116 55 7786 52 5227 72 
7057 97 28792 71 9284 77 24058 20 4005 11 1460 18 10802 75 25283 69 26511 45 8833 80 
24966 51 15274 76 18508 20 189 50 10245 19 12709 62 10123 87 20633 92 9323 44 15937 80 
20529 14 24858 76 13030 20 23579 5 14038 84 6297 2 8599 76 10088 3 7750 4 15683 54 
15636 75 20077 70 3073 4 3481 25 11496 74 21000 64 3260 21 10481 20 8209 55 5669 63 
18654 69 18419 11 18817 42 16969 30 26883 14 17693 67 11422 18 29195 96 19068 64 30016 93 
14786 9 13718 76 973 38 20480 25 15035 19 25129 12 14638 17 26712 28 3916 44 12951 18 
16651 100 13588 42 14763 95 14279 50 6276 15 10581 13 15105 68 6453 65 10221 68 7441 60 
16365 2 9583 31 22350 9 1424 96 7425 97 12952 66 29412 16 32240 27 6980 2 20201 41 
24479 37 8098 24 5294 90 16683 19 8098 75 10986 48 24751 39 22846 69 9927 91 32611 84 
4264 63 4246 15 32536 76 25721 25 31855 51 31416 27 15703 10 8685 23 7888 29 1473 29 
17783 28 26708 38 16903 50 2784 21 24352 77 2457 84 31815 85 11991 80 6703 98 374 61 
31798 2 4733 4 819 78 19967 29 9583 52 21311 31 10225 25 6167 70 31999 72 23451 53 
27617 42 11257 11 26088 91 932 50 11439 29 16817 54 11681 99 385 76 14011 85 5536 55 
26771 11 10733 3 2458 63 20731 71 7838 87 184 34 27795 30 16972 6 18322 89 6468 89 
21282 84 26096 13 6071 35 18185 17 4472 8 16023 37 7237 6 7698 26 24825 6 32200 98 
10220 28 17278 50 13501 16 31834 64 3918 3 3585 96 24079 9 764 38 13696 80 30304 14 
241 21 25262 98 26764 85 22520 91 22678 51 23877 26 3570 11 311 53 19431 10 24043 42 
7971 73 5153 20 20991 15 413 48 30212 27 14029 57 9902 33 28587 23 26993 80 5093 28 
20218 24 571 92 14775 1 11049 38 28057 51 16071 52 19737 23 29165 8 26489 14 7834 59 
15436 81 17303 79 22584 81 10071 51 12027 71 8738 9 22188 19 21363 19 2115 76 18078 74 
2396 11 19125 93 25400 89 429 21 2821 14 27325 76 24415 96 27655 51 7958 39 8058 15 
15666 86 26359 47 13876 62 2994 92 19103 34 27868 73 17079 62 383 61 8073 59 12713 90 
23851 59 19148 27 10821 42 4965 90 14544 45 16860 2 3102 6 23211 94 26651 79 14787 19 
17874 17 19243 50 28979 8 14059 6 13331 70 1064 56 12916 21 30608 95 23559 5 12537 47 
5871 34 19524 57 1992 89 2440 9 6888 92 16493 27 13028 87 8917 29 8278 18 4802 33 
18142 4 3956 98 4967 77 32209 93 10156 19 20490 51 24314 9 20604 51 4151 44 5076 61 
12579 91 22135 72 16094 18 18721 44 4011 94 4299 45 29171 31 32211 5 15501 61 15959 85 
13372 35 4065 37 27257 4 13386 78 31091 64 11736 57 16725 99 1706 36 2759 36 10070 64 
12983 1 208 59 17241 65 3470 5 7788 82 28137 62 7360 84 9159 82 18165 86 12663 19 
2949 55 8156 14 5637 68 12238 16 11175 16 15037 40 12548 75 1687 58 15640 72 4332 33 
23950 41 5457 72 28734 84 21250 34 13813 55 21963 52 628 75 17960 51 11707 86 1195 43 
10887 78 5278 53 26137 81 6634 76 21817 66 28215 66 21115 40 4437 88 12737 62 30938 52 
11521 7 781 41 3656 95 4355 1 15103 37 3080 66 1134 94 23105 2 24958 81 1679 9 
30147 9 8117 87 2489 49 4798 6 22606 66 1177 100 21921 74 28423 9 21258 34 1207 68 
9306 5 8366 60 10852 52 17645 53 26300 41 27726 42 31934 16 13232 53 17362 66 7763 77 
20207 56 31109 16 3422 84 9087 69 26817 98 14730 27 1107 74 29030 55 369 88 8683 14 
27994 20 16113 83 15411 11 19566 63 30030 93 3294 14 29867 44 28392 45 26047 33 32318 25 
23413 38 23493 99 10611 60 246 75 25246 54 21124 2 8416 81 17982 63 31273 6 8248 54 
18099 93 2853 48 7307 90 4104 10 9293 13 12556 72 11054 54 11183 75 5696 75 9766 34 
6898 50 19453 9 24790 50 7679 75 28840 24 31061 42 5259 97 6642 8 3477 35 7214 1 
17038 21 16816 94 19445 30 32146 88 324 36 3008 1 27510 92 6049 62 16581 86 13818 30 
19896 75 13839 10 28509 35 3595 74 723 69 26273 86 28172 11 2548 68 9681 98 14772 45 
21767 53 12426 3 2352 81 21175 34 2101 13 20984 33 13154 83 18604 87 7090 2 4152 53 
11085 33 22187 42 2127 8 14238 94 5323 74 23647 27 12304 3 26446 93 7466 63 11910 4 
12972 55 2496 48 14253 86 14197 40 4625 58 7491 41 10762 84 26514 17 9949 37 19575 95 
26858 86 30169 90 25831 99 22226 46 17516 68 28759 57 28596 36 18716 58 25762 37 7346 46 
32514 31 1522 28 5650 56 10399 98 4928 84 7751 52 26166 47 10858 61 31252 15 31199 28 
4092 74 29042 21 8916 8 20434 39 14407 76 9899 52 17165 45 28431 87 31341 39 15642 86 
19200 71 22230 36 17591 87 12892 76 10783 93 7996 95 1252 43 7967 27 25493 59 12715 60 
9382 87 6055 15 29371 24 20832 93 22052 99 23627 16 32675 53 29675 44 12406 79 23029 81 
25489 40 27059 96 7212 85 31398 51 32125 77 22127 13 4039 39 17904 98 22163 92 31150 35 
7229 90 20857 65 5811 13 18256 96 18810 88 383 89 18674 95 20490 35 17114 94 6478 74 
28694 78 31206 9 21424 14 7116 42 27422 38 2240 64 13251 78 31726 20 10680 69 30411 67 
9163 84 7488 63 12488 64 7434 7 23032 9 9313 20 28392 47 11223 89 15979 14 6020 55 
24802 16 29536 54 30651 45 20208 74 1592 40 31781 57 18290 93 13697 65 9629 50 28539 33 
13965 53 22821 84 24953 66 20492 17 4608 85 19295 24 7273 79 596 1 14127 22 20936 59 
11709 6 9510 28 12406 21 26249 67 26104 57 14885 20 8610 36 2275 3 25428 84 7755 44 
1141 61 23975 42 13883 16 21093 30 13606 25 8126 50 21966 83 5013 25 20191 90 24738 18 
25698 53 17359 37 22590 9 6370 20 17406 50 8797 82 16340 85 2210 8 31454 73 21595 53 
10409 14 26649 60 26612 83 15675 23 1718 3 26642 38 18274 38 10051 76 2921 44 620 88 
1792 75 15370 32 25125 20 6810 63 27356 72 19710 5 15551 69 28195 12 437 54 27617 84 
12290 15 21794 86 27008 80 21319 84 24619 61 21191 67 25571 38 7961 86 32110 44 30165 90 
15037 60 21782 47 4208 50 2338 35 29852 40 15693 96 5835 60 5146 98 22852 11 2724 33 
28557 28 11068 20 17967 85 21332 27 6073 84 4252 10 21255 52 22890 30 14020 33 9311 96 
17966 85 9032 36 31513 89 9538 52 22839 28 25634 88 18070 62 16659 88 19818 91 13441 28 
11021 80 30006 19 20548 62 6851 63 14020 78 16162 76 12277 98 25497 40 4341 70 7393 93 
24544 61 19080 1 26191 97 23956 86 19742 31 29289 52 9587 92 16877 20 763 69 11753 78 
2935 58 27827 58 8056 21 6154 67 102 51 9025 84 6087 7 31904 83 17342 46 24071 35 
19666 15 4308 20 26865 60 10503 58 28597 53 31652 98 9190 63 21593 99 13887 27 11873 65 
25973 28 29864 51 24437 59 3376 71 18413 10 13235 62 2063 82 26506 80 19346 4 28877 16 
20217 90 16572 35 25367 98 12637 99 18899 25 26727 12 20521 85 24927 66 18801 43 25345 20 
20452 99 25569 4 28252 72 8786 31 5979 65 29575 87 3407 24 3576 63 8212 52 21255 97 
25531 85 23524 1 17546 15 19886 10 7235 89 14555 83 11434 10 2009 4 9025 21 16629 33 

